site S R_500 R_1000 R_1500 R_2000 R_2500 R_3000 R_3500 R_4000 R_4500 R_5000
1 1 18 0.00452805889151874 0 0.00171683323195443 0.0539108021547216 0.141300552178012 0.144755055301259 0.108138430346676 0.0781106556765301 0.0719472297684841 0.0715331309759572
2 1 6 0.00452805889151874 0 0.00171683323195443 0.0539108021547216 0.141300552178012 0.144755055301259 0.108138430346676 0.0781106556765301 0.0719472297684841 0.0715331309759572
3 1 14 0.00452805889151874 0 0.00171683323195443 0.0539108021547216 0.141300552178012 0.144755055301259 0.108138430346676 0.0781106556765301 0.0719472297684841 0.0715331309759572
4 1 8 0.00452805889151874 0 0.00171683323195443 0.0539108021547216 0.141300552178012 0.144755055301259 0.108138430346676 0.0781106556765301 0.0719472297684841 0.0715331309759572
5 1 11 0.00452805889151874 0 0.00171683323195443 0.0539108021547216 0.141300552178012 0.144755055301259 0.108138430346676 0.0781106556765301 0.0719472297684841 0.0715331309759572
6 1 12 0.00452805889151874 0 0.00171683323195443 0.0539108021547216 0.141300552178012 0.144755055301259 0.108138430346676 0.0781106556765301 0.0719472297684841 0.0715331309759572
7 1 14 0.00452805889151874 0 0.00171683323195443 0.0539108021547216 0.141300552178012 0.144755055301259 0.108138430346676 0.0781106556765301 0.0719472297684841 0.0715331309759572
8 1 6 0.00452805889151874 0 0.00171683323195443 0.0539108021547216 0.141300552178012 0.144755055301259 0.108138430346676 0.0781106556765301 0.0719472297684841 0.0715331309759572
9 1 6 0.00452805889151874 0 0.00171683323195443 0.0539108021547216 0.141300552178012 0.144755055301259 0.108138430346676 0.0781106556765301 0.0719472297684841 0.0715331309759572
10 1 10 0.00452805889151874 0 0.00171683323195443 0.0539108021547216 0.141300552178012 0.144755055301259 0.108138430346676 0.0781106556765301 0.0719472297684841 0.0715331309759572
11 2 0 0 0.0109706175333886 0 0 0 0 0 0 0 0
12 2 2 0 0.0109706175333886 0 0 0 0 0 0 0 0
13 2 2 0 0.0109706175333886 0 0 0 0 0 0 0 0
14 2 1 0 0.0109706175333886 0 0 0 0 0 0 0 0
15 2 1 0 0.0109706175333886 0 0 0 0 0 0 0 0
16 2 1 0 0.0109706175333886 0 0 0 0 0 0 0 0
17 2 1 0 0.0109706175333886 0 0 0 0 0 0 0 0
18 2 2 0 0.0109706175333886 0 0 0 0 0 0 0 0
19 2 2 0 0.0109706175333886 0 0 0 0 0 0 0 0
20 2 0 0 0.0109706175333886 0 0 0 0 0 0 0 0
21 3 37 0.0659268440506512 0.0260067627289086 0.0541365281182347 0.177349267867389 0.372751907673187 0.391015366126928 0.309616041346856 0.231445192001264 0.220978256135031 0.229086387484154
22 3 30 0.0659268440506512 0.0260067627289086 0.0541365281182347 0.177349267867389 0.372751907673187 0.391015366126928 0.309616041346856 0.231445192001264 0.220978256135031 0.229086387484154
23 3 15 0.0659268440506512 0.0260067627289086 0.0541365281182347 0.177349267867389 0.372751907673187 0.391015366126928 0.309616041346856 0.231445192001264 0.220978256135031 0.229086387484154
24 3 29 0.0659268440506512 0.0260067627289086 0.0541365281182347 0.177349267867389 0.372751907673187 0.391015366126928 0.309616041346856 0.231445192001264 0.220978256135031 0.229086387484154
25 3 32 0.0659268440506512 0.0260067627289086 0.0541365281182347 0.177349267867389 0.372751907673187 0.391015366126928 0.309616041346856 0.231445192001264 0.220978256135031 0.229086387484154
26 3 24 0.0659268440506512 0.0260067627289086 0.0541365281182347 0.177349267867389 0.372751907673187 0.391015366126928 0.309616041346856 0.231445192001264 0.220978256135031 0.229086387484154
27 3 26 0.0659268440506512 0.0260067627289086 0.0541365281182347 0.177349267867389 0.372751907673187 0.391015366126928 0.309616041346856 0.231445192001264 0.220978256135031 0.229086387484154
28 3 27 0.0659268440506512 0.0260067627289086 0.0541365281182347 0.177349267867389 0.372751907673187 0.391015366126928 0.309616041346856 0.231445192001264 0.220978256135031 0.229086387484154
29 3 25 0.0659268440506512 0.0260067627289086 0.0541365281182347 0.177349267867389 0.372751907673187 0.391015366126928 0.309616041346856 0.231445192001264 0.220978256135031 0.229086387484154
30 3 42 0.0659268440506512 0.0260067627289086 0.0541365281182347 0.177349267867389 0.372751907673187 0.391015366126928 0.309616041346856 0.231445192001264 0.220978256135031 0.229086387484154
31 4 14 0.0505595693218747 0.0363519144681224 0.0438268700631735 0.0878599934015732 0.152366361671914 0.163834092144409 0.137207692278099 0.105710559758919 0.103965566996775 0.111304099822025
32 4 14 0.0505595693218747 0.0363519144681224 0.0438268700631735 0.0878599934015732 0.152366361671914 0.163834092144409 0.137207692278099 0.105710559758919 0.103965566996775 0.111304099822025
33 4 15 0.0505595693218747 0.0363519144681224 0.0438268700631735 0.0878599934015732 0.152366361671914 0.163834092144409 0.137207692278099 0.105710559758919 0.103965566996775 0.111304099822025
34 4 17 0.0505595693218747 0.0363519144681224 0.0438268700631735 0.0878599934015732 0.152366361671914 0.163834092144409 0.137207692278099 0.105710559758919 0.103965566996775 0.111304099822025
35 4 19 0.0505595693218747 0.0363519144681224 0.0438268700631735 0.0878599934015732 0.152366361671914 0.163834092144409 0.137207692278099 0.105710559758919 0.103965566996775 0.111304099822025
36 4 9 0.0505595693218747 0.0363519144681224 0.0438268700631735 0.0878599934015732 0.152366361671914 0.163834092144409 0.137207692278099 0.105710559758919 0.103965566996775 0.111304099822025
37 4 9 0.0505595693218747 0.0363519144681224 0.0438268700631735 0.0878599934015732 0.152366361671914 0.163834092144409 0.137207692278099 0.105710559758919 0.103965566996775 0.111304099822025
38 4 13 0.0505595693218747 0.0363519144681224 0.0438268700631735 0.0878599934015732 0.152366361671914 0.163834092144409 0.137207692278099 0.105710559758919 0.103965566996775 0.111304099822025
39 4 9 0.0505595693218747 0.0363519144681224 0.0438268700631735 0.0878599934015732 0.152366361671914 0.163834092144409 0.137207692278099 0.105710559758919 0.103965566996775 0.111304099822025
40 4 7 0.0505595693218747 0.0363519144681224 0.0438268700631735 0.0878599934015732 0.152366361671914 0.163834092144409 0.137207692278099 0.105710559758919 0.103965566996775 0.111304099822025
41 5 5 0.0568707262676124 0.0479479977956847 0.0507028616543246 0.0695276635579451 0.090150803317163 0.10150525552441 0.0933391806535046 0.0752238806482028 0.0770837965980618 0.0860201255322382
42 5 5 0.0568707262676124 0.0479479977956847 0.0507028616543246 0.0695276635579451 0.090150803317163 0.10150525552441 0.0933391806535046 0.0752238806482028 0.0770837965980618 0.0860201255322382
43 5 7 0.0568707262676124 0.0479479977956847 0.0507028616543246 0.0695276635579451 0.090150803317163 0.10150525552441 0.0933391806535046 0.0752238806482028 0.0770837965980618 0.0860201255322382
44 5 4 0.0568707262676124 0.0479479977956847 0.0507028616543246 0.0695276635579451 0.090150803317163 0.10150525552441 0.0933391806535046 0.0752238806482028 0.0770837965980618 0.0860201255322382
45 5 3 0.0568707262676124 0.0479479977956847 0.0507028616543246 0.0695276635579451 0.090150803317163 0.10150525552441 0.0933391806535046 0.0752238806482028 0.0770837965980618 0.0860201255322382
46 5 7 0.0568707262676124 0.0479479977956847 0.0507028616543246 0.0695276635579451 0.090150803317163 0.10150525552441 0.0933391806535046 0.0752238806482028 0.0770837965980618 0.0860201255322382
47 5 3 0.0568707262676124 0.0479479977956847 0.0507028616543246 0.0695276635579451 0.090150803317163 0.10150525552441 0.0933391806535046 0.0752238806482028 0.0770837965980618 0.0860201255322382
48 5 10 0.0568707262676124 0.0479479977956847 0.0507028616543246 0.0695276635579451 0.090150803317163 0.10150525552441 0.0933391806535046 0.0752238806482028 0.0770837965980618 0.0860201255322382
49 5 11 0.0568707262676124 0.0479479977956847 0.0507028616543246 0.0695276635579451 0.090150803317163 0.10150525552441 0.0933391806535046 0.0752238806482028 0.0770837965980618 0.0860201255322382
50 5 6 0.0568707262676124 0.0479479977956847 0.0507028616543246 0.0695276635579451 0.090150803317163 0.10150525552441 0.0933391806535046 0.0752238806482028 0.0770837965980618 0.0860201255322382
51 6 32 0.122797570318264 0.0629841429912048 0.104839389772559 0.246876931425335 0.462902710990351 0.492520621651338 0.402955222000361 0.306669072649467 0.298062052733093 0.315106513016392
52 6 29 0.122797570318264 0.0629841429912048 0.104839389772559 0.246876931425335 0.462902710990351 0.492520621651338 0.402955222000361 0.306669072649467 0.298062052733093 0.315106513016392
53 6 27 0.122797570318264 0.0629841429912048 0.104839389772559 0.246876931425335 0.462902710990351 0.492520621651338 0.402955222000361 0.306669072649467 0.298062052733093 0.315106513016392
54 6 34 0.122797570318264 0.0629841429912048 0.104839389772559 0.246876931425335 0.462902710990351 0.492520621651338 0.402955222000361 0.306669072649467 0.298062052733093 0.315106513016392
55 6 46 0.122797570318264 0.0629841429912048 0.104839389772559 0.246876931425335 0.462902710990351 0.492520621651338 0.402955222000361 0.306669072649467 0.298062052733093 0.315106513016392
56 6 25 0.122797570318264 0.0629841429912048 0.104839389772559 0.246876931425335 0.462902710990351 0.492520621651338 0.402955222000361 0.306669072649467 0.298062052733093 0.315106513016392
57 6 35 0.122797570318264 0.0629841429912048 0.104839389772559 0.246876931425335 0.462902710990351 0.492520621651338 0.402955222000361 0.306669072649467 0.298062052733093 0.315106513016392
58 6 38 0.122797570318264 0.0629841429912048 0.104839389772559 0.246876931425335 0.462902710990351 0.492520621651338 0.402955222000361 0.306669072649467 0.298062052733093 0.315106513016392
59 6 28 0.122797570318264 0.0629841429912048 0.104839389772559 0.246876931425335 0.462902710990351 0.492520621651338 0.402955222000361 0.306669072649467 0.298062052733093 0.315106513016392
60 6 40 0.122797570318264 0.0629841429912048 0.104839389772559 0.246876931425335 0.462902710990351 0.492520621651338 0.402955222000361 0.306669072649467 0.298062052733093 0.315106513016392
61 7 13 0.0965910797522301 0.0727038289362445 0.085936906894392 0.121809184648424 0.163432171165815 0.18291312898756 0.166276954209521 0.133310463841307 0.135983904225065 0.151075068668092
62 7 8 0.0965910797522301 0.0727038289362445 0.085936906894392 0.121809184648424 0.163432171165815 0.18291312898756 0.166276954209521 0.133310463841307 0.135983904225065 0.151075068668092
63 7 14 0.0965910797522301 0.0727038289362445 0.085936906894392 0.121809184648424 0.163432171165815 0.18291312898756 0.166276954209521 0.133310463841307 0.135983904225065 0.151075068668092
64 7 14 0.0965910797522301 0.0727038289362445 0.085936906894392 0.121809184648424 0.163432171165815 0.18291312898756 0.166276954209521 0.133310463841307 0.135983904225065 0.151075068668092
65 7 16 0.0965910797522301 0.0727038289362445 0.085936906894392 0.121809184648424 0.163432171165815 0.18291312898756 0.166276954209521 0.133310463841307 0.135983904225065 0.151075068668092
66 7 10 0.0965910797522301 0.0727038289362445 0.085936906894392 0.121809184648424 0.163432171165815 0.18291312898756 0.166276954209521 0.133310463841307 0.135983904225065 0.151075068668092
67 7 14 0.0965910797522301 0.0727038289362445 0.085936906894392 0.121809184648424 0.163432171165815 0.18291312898756 0.166276954209521 0.133310463841307 0.135983904225065 0.151075068668092
68 7 13 0.0965910797522301 0.0727038289362445 0.085936906894392 0.121809184648424 0.163432171165815 0.18291312898756 0.166276954209521 0.133310463841307 0.135983904225065 0.151075068668092
69 7 17 0.0965910797522301 0.0727038289362445 0.085936906894392 0.121809184648424 0.163432171165815 0.18291312898756 0.166276954209521 0.133310463841307 0.135983904225065 0.151075068668092
70 7 14 0.0965910797522301 0.0727038289362445 0.085936906894392 0.121809184648424 0.163432171165815 0.18291312898756 0.166276954209521 0.133310463841307 0.135983904225065 0.151075068668092
71 8 5 0.0974826287793392 0.0839871793667196 0.08851648607399 0.0856876186492492 0.0616741158994338 0.0793711830269308 0.0902734832238863 0.079011796447684 0.0865694041414662 0.10266651603522
72 8 2 0.0974826287793392 0.0839871793667196 0.08851648607399 0.0856876186492492 0.0616741158994338 0.0793711830269308 0.0902734832238863 0.079011796447684 0.0865694041414662 0.10266651603522
73 8 5 0.0974826287793392 0.0839871793667196 0.08851648607399 0.0856876186492492 0.0616741158994338 0.0793711830269308 0.0902734832238863 0.079011796447684 0.0865694041414662 0.10266651603522
74 8 10 0.0974826287793392 0.0839871793667196 0.08851648607399 0.0856876186492492 0.0616741158994338 0.0793711830269308 0.0902734832238863 0.079011796447684 0.0865694041414662 0.10266651603522
75 8 6 0.0974826287793392 0.0839871793667196 0.08851648607399 0.0856876186492492 0.0616741158994338 0.0793711830269308 0.0902734832238863 0.079011796447684 0.0865694041414662 0.10266651603522
76 8 4 0.0974826287793392 0.0839871793667196 0.08851648607399 0.0856876186492492 0.0616741158994338 0.0793711830269308 0.0902734832238863 0.079011796447684 0.0865694041414662 0.10266651603522
77 8 8 0.0974826287793392 0.0839871793667196 0.08851648607399 0.0856876186492492 0.0616741158994338 0.0793711830269308 0.0902734832238863 0.079011796447684 0.0865694041414662 0.10266651603522
78 8 6 0.0974826287793392 0.0839871793667196 0.08851648607399 0.0856876186492492 0.0616741158994338 0.0793711830269308 0.0902734832238863 0.079011796447684 0.0865694041414662 0.10266651603522
79 8 7 0.0974826287793392 0.0839871793667196 0.08851648607399 0.0856876186492492 0.0616741158994338 0.0793711830269308 0.0902734832238863 0.079011796447684 0.0865694041414662 0.10266651603522
80 8 5 0.0974826287793392 0.0839871793667196 0.08851648607399 0.0856876186492492 0.0616741158994338 0.0793711830269308 0.0902734832238863 0.079011796447684 0.0865694041414662 0.10266651603522
81 9 15 0.1399245051826 0.0976681486748624 0.124035227075495 0.185950196509268 0.263075203622221 0.291796408677796 0.260638034006232 0.207271705889683 0.209905831641992 0.231546397366003
82 9 22 0.1399245051826 0.0976681486748624 0.124035227075495 0.185950196509268 0.263075203622221 0.291796408677796 0.260638034006232 0.207271705889683 0.209905831641992 0.231546397366003
83 9 17 0.1399245051826 0.0976681486748624 0.124035227075495 0.185950196509268 0.263075203622221 0.291796408677796 0.260638034006232 0.207271705889683 0.209905831641992 0.231546397366003
84 9 17 0.1399245051826 0.0976681486748624 0.124035227075495 0.185950196509268 0.263075203622221 0.291796408677796 0.260638034006232 0.207271705889683 0.209905831641992 0.231546397366003
85 9 21 0.1399245051826 0.0976681486748624 0.124035227075495 0.185950196509268 0.263075203622221 0.291796408677796 0.260638034006232 0.207271705889683 0.209905831641992 0.231546397366003
86 9 23 0.1399245051826 0.0976681486748624 0.124035227075495 0.185950196509268 0.263075203622221 0.291796408677796 0.260638034006232 0.207271705889683 0.209905831641992 0.231546397366003
87 9 29 0.1399245051826 0.0976681486748624 0.124035227075495 0.185950196509268 0.263075203622221 0.291796408677796 0.260638034006232 0.207271705889683 0.209905831641992 0.231546397366003
88 9 21 0.1399245051826 0.0976681486748624 0.124035227075495 0.185950196509268 0.263075203622221 0.291796408677796 0.260638034006232 0.207271705889683 0.209905831641992 0.231546397366003
89 9 24 0.1399245051826 0.0976681486748624 0.124035227075495 0.185950196509268 0.263075203622221 0.291796408677796 0.260638034006232 0.207271705889683 0.209905831641992 0.231546397366003
90 9 16 0.1399245051826 0.0976681486748624 0.124035227075495 0.185950196509268 0.263075203622221 0.291796408677796 0.260638034006232 0.207271705889683 0.209905831641992 0.231546397366003
91 10 13 0.146235662128338 0.109264232002425 0.130911218666646 0.16761786666564 0.200859645267471 0.229467572057797 0.216769522381638 0.176785026778967 0.183024061243279 0.206262423076217
92 10 15 0.146235662128338 0.109264232002425 0.130911218666646 0.16761786666564 0.200859645267471 0.229467572057797 0.216769522381638 0.176785026778967 0.183024061243279 0.206262423076217
93 10 13 0.146235662128338 0.109264232002425 0.130911218666646 0.16761786666564 0.200859645267471 0.229467572057797 0.216769522381638 0.176785026778967 0.183024061243279 0.206262423076217
94 10 18 0.146235662128338 0.109264232002425 0.130911218666646 0.16761786666564 0.200859645267471 0.229467572057797 0.216769522381638 0.176785026778967 0.183024061243279 0.206262423076217
95 10 15 0.146235662128338 0.109264232002425 0.130911218666646 0.16761786666564 0.200859645267471 0.229467572057797 0.216769522381638 0.176785026778967 0.183024061243279 0.206262423076217
96 10 10 0.146235662128338 0.109264232002425 0.130911218666646 0.16761786666564 0.200859645267471 0.229467572057797 0.216769522381638 0.176785026778967 0.183024061243279 0.206262423076217
97 10 9 0.146235662128338 0.109264232002425 0.130911218666646 0.16761786666564 0.200859645267471 0.229467572057797 0.216769522381638 0.176785026778967 0.183024061243279 0.206262423076217
98 10 12 0.146235662128338 0.109264232002425 0.130911218666646 0.16761786666564 0.200859645267471 0.229467572057797 0.216769522381638 0.176785026778967 0.183024061243279 0.206262423076217
99 10 12 0.146235662128338 0.109264232002425 0.130911218666646 0.16761786666564 0.200859645267471 0.229467572057797 0.216769522381638 0.176785026778967 0.183024061243279 0.206262423076217
100 10 16 0.146235662128338 0.109264232002425 0.130911218666646 0.16761786666564 0.200859645267471 0.229467572057797 0.216769522381638 0.176785026778967 0.183024061243279 0.206262423076217
101 11 9 0.147127211155447 0.1205475824329 0.133490797846244 0.131496300666465 0.0991015900010891 0.125925626097168 0.140766051396003 0.122486359385344 0.13360956115968 0.157853870443344
102 11 4 0.147127211155447 0.1205475824329 0.133490797846244 0.131496300666465 0.0991015900010891 0.125925626097168 0.140766051396003 0.122486359385344 0.13360956115968 0.157853870443344
103 11 10 0.147127211155447 0.1205475824329 0.133490797846244 0.131496300666465 0.0991015900010891 0.125925626097168 0.140766051396003 0.122486359385344 0.13360956115968 0.157853870443344
104 11 4 0.147127211155447 0.1205475824329 0.133490797846244 0.131496300666465 0.0991015900010891 0.125925626097168 0.140766051396003 0.122486359385344 0.13360956115968 0.157853870443344
105 11 6 0.147127211155447 0.1205475824329 0.133490797846244 0.131496300666465 0.0991015900010891 0.125925626097168 0.140766051396003 0.122486359385344 0.13360956115968 0.157853870443344
106 11 7 0.147127211155447 0.1205475824329 0.133490797846244 0.131496300666465 0.0991015900010891 0.125925626097168 0.140766051396003 0.122486359385344 0.13360956115968 0.157853870443344
107 11 4 0.147127211155447 0.1205475824329 0.133490797846244 0.131496300666465 0.0991015900010891 0.125925626097168 0.140766051396003 0.122486359385344 0.13360956115968 0.157853870443344
108 11 3 0.147127211155447 0.1205475824329 0.133490797846244 0.131496300666465 0.0991015900010891 0.125925626097168 0.140766051396003 0.122486359385344 0.13360956115968 0.157853870443344
109 11 9 0.147127211155447 0.1205475824329 0.133490797846244 0.131496300666465 0.0991015900010891 0.125925626097168 0.140766051396003 0.122486359385344 0.13360956115968 0.157853870443344
110 11 9 0.147127211155447 0.1205475824329 0.133490797846244 0.131496300666465 0.0991015900010891 0.125925626097168 0.140766051396003 0.122486359385344 0.13360956115968 0.157853870443344
111 12 17 0.19318215950446 0.134437040339101 0.171873813788784 0.243618369296849 0.326864342331631 0.36582625797512 0.332553908419043 0.266620927682615 0.27196780845013 0.302150137336185
112 12 25 0.19318215950446 0.134437040339101 0.171873813788784 0.243618369296849 0.326864342331631 0.36582625797512 0.332553908419043 0.266620927682615 0.27196780845013 0.302150137336185
113 12 23 0.19318215950446 0.134437040339101 0.171873813788784 0.243618369296849 0.326864342331631 0.36582625797512 0.332553908419043 0.266620927682615 0.27196780845013 0.302150137336185
114 12 25 0.19318215950446 0.134437040339101 0.171873813788784 0.243618369296849 0.326864342331631 0.36582625797512 0.332553908419043 0.266620927682615 0.27196780845013 0.302150137336185
115 12 22 0.19318215950446 0.134437040339101 0.171873813788784 0.243618369296849 0.326864342331631 0.36582625797512 0.332553908419043 0.266620927682615 0.27196780845013 0.302150137336185
116 12 18 0.19318215950446 0.134437040339101 0.171873813788784 0.243618369296849 0.326864342331631 0.36582625797512 0.332553908419043 0.266620927682615 0.27196780845013 0.302150137336185
117 12 21 0.19318215950446 0.134437040339101 0.171873813788784 0.243618369296849 0.326864342331631 0.36582625797512 0.332553908419043 0.266620927682615 0.27196780845013 0.302150137336185
118 12 24 0.19318215950446 0.134437040339101 0.171873813788784 0.243618369296849 0.326864342331631 0.36582625797512 0.332553908419043 0.266620927682615 0.27196780845013 0.302150137336185
119 12 22 0.19318215950446 0.134437040339101 0.171873813788784 0.243618369296849 0.326864342331631 0.36582625797512 0.332553908419043 0.266620927682615 0.27196780845013 0.302150137336185
120 12 14 0.19318215950446 0.134437040339101 0.171873813788784 0.243618369296849 0.326864342331631 0.36582625797512 0.332553908419043 0.266620927682615 0.27196780845013 0.302150137336185
121 13 6 0.186847564640065 0.14530341357346 0.168724843086312 0.183777821756944 0.172382957849741 0.207333499560318 0.21370382495202 0.180572942578448 0.192509668786684 0.222908813579198
122 13 9 0.186847564640065 0.14530341357346 0.168724843086312 0.183777821756944 0.172382957849741 0.207333499560318 0.21370382495202 0.180572942578448 0.192509668786684 0.222908813579198
123 13 17 0.186847564640065 0.14530341357346 0.168724843086312 0.183777821756944 0.172382957849741 0.207333499560318 0.21370382495202 0.180572942578448 0.192509668786684 0.222908813579198
124 13 11 0.186847564640065 0.14530341357346 0.168724843086312 0.183777821756944 0.172382957849741 0.207333499560318 0.21370382495202 0.180572942578448 0.192509668786684 0.222908813579198
125 13 7 0.186847564640065 0.14530341357346 0.168724843086312 0.183777821756944 0.172382957849741 0.207333499560318 0.21370382495202 0.180572942578448 0.192509668786684 0.222908813579198
126 13 6 0.186847564640065 0.14530341357346 0.168724843086312 0.183777821756944 0.172382957849741 0.207333499560318 0.21370382495202 0.180572942578448 0.192509668786684 0.222908813579198
127 13 15 0.186847564640065 0.14530341357346 0.168724843086312 0.183777821756944 0.172382957849741 0.207333499560318 0.21370382495202 0.180572942578448 0.192509668786684 0.222908813579198
128 13 12 0.186847564640065 0.14530341357346 0.168724843086312 0.183777821756944 0.172382957849741 0.207333499560318 0.21370382495202 0.180572942578448 0.192509668786684 0.222908813579198
129 13 14 0.186847564640065 0.14530341357346 0.168724843086312 0.183777821756944 0.172382957849741 0.207333499560318 0.21370382495202 0.180572942578448 0.192509668786684 0.222908813579198
130 13 14 0.186847564640065 0.14530341357346 0.168724843086312 0.183777821756944 0.172382957849741 0.207333499560318 0.21370382495202 0.180572942578448 0.192509668786684 0.222908813579198
131 14 1 0.18954564964005 0.156691008302964 0.172736559736427 0.153586001142952 0.0838057348872368 0.117529256713232 0.148412007086732 0.134211604612461 0.150606078598047 0.182208453727355
132 14 4 0.18954564964005 0.156691008302964 0.172736559736427 0.153586001142952 0.0838057348872368 0.117529256713232 0.148412007086732 0.134211604612461 0.150606078598047 0.182208453727355
133 14 3 0.18954564964005 0.156691008302964 0.172736559736427 0.153586001142952 0.0838057348872368 0.117529256713232 0.148412007086732 0.134211604612461 0.150606078598047 0.182208453727355
134 14 7 0.18954564964005 0.156691008302964 0.172736559736427 0.153586001142952 0.0838057348872368 0.117529256713232 0.148412007086732 0.134211604612461 0.150606078598047 0.182208453727355
135 14 8 0.18954564964005 0.156691008302964 0.172736559736427 0.153586001142952 0.0838057348872368 0.117529256713232 0.148412007086732 0.134211604612461 0.150606078598047 0.182208453727355
136 14 1 0.18954564964005 0.156691008302964 0.172736559736427 0.153586001142952 0.0838057348872368 0.117529256713232 0.148412007086732 0.134211604612461 0.150606078598047 0.182208453727355
137 14 4 0.18954564964005 0.156691008302964 0.172736559736427 0.153586001142952 0.0838057348872368 0.117529256713232 0.148412007086732 0.134211604612461 0.150606078598047 0.182208453727355
138 14 1 0.18954564964005 0.156691008302964 0.172736559736427 0.153586001142952 0.0838057348872368 0.117529256713232 0.148412007086732 0.134211604612461 0.150606078598047 0.182208453727355
139 14 4 0.18954564964005 0.156691008302964 0.172736559736427 0.153586001142952 0.0838057348872368 0.117529256713232 0.148412007086732 0.134211604612461 0.150606078598047 0.182208453727355
140 14 3 0.18954564964005 0.156691008302964 0.172736559736427 0.153586001142952 0.0838057348872368 0.117529256713232 0.148412007086732 0.134211604612461 0.150606078598047 0.182208453727355
141 15 33 0.244633277853444 0.17110168770431 0.218280263031556 0.295356796699247 0.377472648737163 0.4261184041589 0.393758129711506 0.31803282004791 0.326518875363306 0.365045684525338
142 15 29 0.244633277853444 0.17110168770431 0.218280263031556 0.295356796699247 0.377472648737163 0.4261184041589 0.393758129711506 0.31803282004791 0.326518875363306 0.365045684525338
143 15 23 0.244633277853444 0.17110168770431 0.218280263031556 0.295356796699247 0.377472648737163 0.4261184041589 0.393758129711506 0.31803282004791 0.326518875363306 0.365045684525338
144 15 29 0.244633277853444 0.17110168770431 0.218280263031556 0.295356796699247 0.377472648737163 0.4261184041589 0.393758129711506 0.31803282004791 0.326518875363306 0.365045684525338
145 15 31 0.244633277853444 0.17110168770431 0.218280263031556 0.295356796699247 0.377472648737163 0.4261184041589 0.393758129711506 0.31803282004791 0.326518875363306 0.365045684525338
146 15 28 0.244633277853444 0.17110168770431 0.218280263031556 0.295356796699247 0.377472648737163 0.4261184041589 0.393758129711506 0.31803282004791 0.326518875363306 0.365045684525338
147 15 25 0.244633277853444 0.17110168770431 0.218280263031556 0.295356796699247 0.377472648737163 0.4261184041589 0.393758129711506 0.31803282004791 0.326518875363306 0.365045684525338
148 15 22 0.244633277853444 0.17110168770431 0.218280263031556 0.295356796699247 0.377472648737163 0.4261184041589 0.393758129711506 0.31803282004791 0.326518875363306 0.365045684525338
149 15 29 0.244633277853444 0.17110168770431 0.218280263031556 0.295356796699247 0.377472648737163 0.4261184041589 0.393758129711506 0.31803282004791 0.326518875363306 0.365045684525338
150 15 22 0.244633277853444 0.17110168770431 0.218280263031556 0.295356796699247 0.377472648737163 0.4261184041589 0.393758129711506 0.31803282004791 0.326518875363306 0.365045684525338
151 16 15 0.238298682989049 0.181968060938669 0.215131292329083 0.235516249159342 0.222991264255274 0.267625645744098 0.274908046244483 0.231984834943744 0.24706073569986 0.285804360768351
152 16 12 0.238298682989049 0.181968060938669 0.215131292329083 0.235516249159342 0.222991264255274 0.267625645744098 0.274908046244483 0.231984834943744 0.24706073569986 0.285804360768351
153 16 18 0.238298682989049 0.181968060938669 0.215131292329083 0.235516249159342 0.222991264255274 0.267625645744098 0.274908046244483 0.231984834943744 0.24706073569986 0.285804360768351
154 16 14 0.238298682989049 0.181968060938669 0.215131292329083 0.235516249159342 0.222991264255274 0.267625645744098 0.274908046244483 0.231984834943744 0.24706073569986 0.285804360768351
155 16 16 0.238298682989049 0.181968060938669 0.215131292329083 0.235516249159342 0.222991264255274 0.267625645744098 0.274908046244483 0.231984834943744 0.24706073569986 0.285804360768351
156 16 10 0.238298682989049 0.181968060938669 0.215131292329083 0.235516249159342 0.222991264255274 0.267625645744098 0.274908046244483 0.231984834943744 0.24706073569986 0.285804360768351
157 16 15 0.238298682989049 0.181968060938669 0.215131292329083 0.235516249159342 0.222991264255274 0.267625645744098 0.274908046244483 0.231984834943744 0.24706073569986 0.285804360768351
158 16 15 0.238298682989049 0.181968060938669 0.215131292329083 0.235516249159342 0.222991264255274 0.267625645744098 0.274908046244483 0.231984834943744 0.24706073569986 0.285804360768351
159 16 11 0.238298682989049 0.181968060938669 0.215131292329083 0.235516249159342 0.222991264255274 0.267625645744098 0.274908046244483 0.231984834943744 0.24706073569986 0.285804360768351
160 16 11 0.238298682989049 0.181968060938669 0.215131292329083 0.235516249159342 0.222991264255274 0.267625645744098 0.274908046244483 0.231984834943744 0.24706073569986 0.285804360768351
161 17 2 0.237383696043282 0.193147167070115 0.216278734038163 0.193464937774985 0.108052376685015 0.150345996669926 0.188192922138501 0.169748838122485 0.190135325721299 0.229687615354451
162 17 7 0.237383696043282 0.193147167070115 0.216278734038163 0.193464937774985 0.108052376685015 0.150345996669926 0.188192922138501 0.169748838122485 0.190135325721299 0.229687615354451
163 17 9 0.237383696043282 0.193147167070115 0.216278734038163 0.193464937774985 0.108052376685015 0.150345996669926 0.188192922138501 0.169748838122485 0.190135325721299 0.229687615354451
164 17 6 0.237383696043282 0.193147167070115 0.216278734038163 0.193464937774985 0.108052376685015 0.150345996669926 0.188192922138501 0.169748838122485 0.190135325721299 0.229687615354451
165 17 9 0.237383696043282 0.193147167070115 0.216278734038163 0.193464937774985 0.108052376685015 0.150345996669926 0.188192922138501 0.169748838122485 0.190135325721299 0.229687615354451
166 17 6 0.237383696043282 0.193147167070115 0.216278734038163 0.193464937774985 0.108052376685015 0.150345996669926 0.188192922138501 0.169748838122485 0.190135325721299 0.229687615354451
167 17 7 0.237383696043282 0.193147167070115 0.216278734038163 0.193464937774985 0.108052376685015 0.150345996669926 0.188192922138501 0.169748838122485 0.190135325721299 0.229687615354451
168 17 5 0.237383696043282 0.193147167070115 0.216278734038163 0.193464937774985 0.108052376685015 0.150345996669926 0.188192922138501 0.169748838122485 0.190135325721299 0.229687615354451
169 17 9 0.237383696043282 0.193147167070115 0.216278734038163 0.193464937774985 0.108052376685015 0.150345996669926 0.188192922138501 0.169748838122485 0.190135325721299 0.229687615354451
170 17 4 0.237383696043282 0.193147167070115 0.216278734038163 0.193464937774985 0.108052376685015 0.150345996669926 0.188192922138501 0.169748838122485 0.190135325721299 0.229687615354451
171 18 16 0.287051716338048 0.207245113574374 0.257526024921739 0.317446497175733 0.362176793623311 0.417722034774964 0.401404085402235 0.329758065275027 0.343515392801672 0.389400267809348
172 18 18 0.287051716338048 0.207245113574374 0.257526024921739 0.317446497175733 0.362176793623311 0.417722034774964 0.401404085402235 0.329758065275027 0.343515392801672 0.389400267809348
173 18 27 0.287051716338048 0.207245113574374 0.257526024921739 0.317446497175733 0.362176793623311 0.417722034774964 0.401404085402235 0.329758065275027 0.343515392801672 0.389400267809348
174 18 13 0.287051716338048 0.207245113574374 0.257526024921739 0.317446497175733 0.362176793623311 0.417722034774964 0.401404085402235 0.329758065275027 0.343515392801672 0.389400267809348
175 18 28 0.287051716338048 0.207245113574374 0.257526024921739 0.317446497175733 0.362176793623311 0.417722034774964 0.401404085402235 0.329758065275027 0.343515392801672 0.389400267809348
176 18 23 0.287051716338048 0.207245113574374 0.257526024921739 0.317446497175733 0.362176793623311 0.417722034774964 0.401404085402235 0.329758065275027 0.343515392801672 0.389400267809348
177 18 26 0.287051716338048 0.207245113574374 0.257526024921739 0.317446497175733 0.362176793623311 0.417722034774964 0.401404085402235 0.329758065275027 0.343515392801672 0.389400267809348
178 18 29 0.287051716338048 0.207245113574374 0.257526024921739 0.317446497175733 0.362176793623311 0.417722034774964 0.401404085402235 0.329758065275027 0.343515392801672 0.389400267809348
179 18 26 0.287051716338048 0.207245113574374 0.257526024921739 0.317446497175733 0.362176793623311 0.417722034774964 0.401404085402235 0.329758065275027 0.343515392801672 0.389400267809348
180 18 20 0.287051716338048 0.207245113574374 0.257526024921739 0.317446497175733 0.362176793623311 0.417722034774964 0.401404085402235 0.329758065275027 0.343515392801672 0.389400267809348
181 19 13 0.286136729392281 0.21842421970582 0.258673466630819 0.275395185791376 0.247237906053052 0.300442385700792 0.314688961296253 0.267522068453768 0.286589982823112 0.333283522395447
182 19 21 0.286136729392281 0.21842421970582 0.258673466630819 0.275395185791376 0.247237906053052 0.300442385700792 0.314688961296253 0.267522068453768 0.286589982823112 0.333283522395447
183 19 8 0.286136729392281 0.21842421970582 0.258673466630819 0.275395185791376 0.247237906053052 0.300442385700792 0.314688961296253 0.267522068453768 0.286589982823112 0.333283522395447
184 19 16 0.286136729392281 0.21842421970582 0.258673466630819 0.275395185791376 0.247237906053052 0.300442385700792 0.314688961296253 0.267522068453768 0.286589982823112 0.333283522395447
185 19 16 0.286136729392281 0.21842421970582 0.258673466630819 0.275395185791376 0.247237906053052 0.300442385700792 0.314688961296253 0.267522068453768 0.286589982823112 0.333283522395447
186 19 16 0.286136729392281 0.21842421970582 0.258673466630819 0.275395185791376 0.247237906053052 0.300442385700792 0.314688961296253 0.267522068453768 0.286589982823112 0.333283522395447
187 19 23 0.286136729392281 0.21842421970582 0.258673466630819 0.275395185791376 0.247237906053052 0.300442385700792 0.314688961296253 0.267522068453768 0.286589982823112 0.333283522395447
188 19 16 0.286136729392281 0.21842421970582 0.258673466630819 0.275395185791376 0.247237906053052 0.300442385700792 0.314688961296253 0.267522068453768 0.286589982823112 0.333283522395447
189 19 11 0.286136729392281 0.21842421970582 0.258673466630819 0.275395185791376 0.247237906053052 0.300442385700792 0.314688961296253 0.267522068453768 0.286589982823112 0.333283522395447
190 19 10 0.286136729392281 0.21842421970582 0.258673466630819 0.275395185791376 0.247237906053052 0.300442385700792 0.314688961296253 0.267522068453768 0.286589982823112 0.333283522395447
191 20 3 0.283415206473637 0.229499081538237 0.258388770869382 0.227414129021836 0.119118186178917 0.169425033513076 0.217262184069924 0.197348742204873 0.222153662949589 0.269458584200518
192 20 3 0.283415206473637 0.229499081538237 0.258388770869382 0.227414129021836 0.119118186178917 0.169425033513076 0.217262184069924 0.197348742204873 0.222153662949589 0.269458584200518
193 20 5 0.283415206473637 0.229499081538237 0.258388770869382 0.227414129021836 0.119118186178917 0.169425033513076 0.217262184069924 0.197348742204873 0.222153662949589 0.269458584200518
194 20 3 0.283415206473637 0.229499081538237 0.258388770869382 0.227414129021836 0.119118186178917 0.169425033513076 0.217262184069924 0.197348742204873 0.222153662949589 0.269458584200518
195 20 4 0.283415206473637 0.229499081538237 0.258388770869382 0.227414129021836 0.119118186178917 0.169425033513076 0.217262184069924 0.197348742204873 0.222153662949589 0.269458584200518
196 20 4 0.283415206473637 0.229499081538237 0.258388770869382 0.227414129021836 0.119118186178917 0.169425033513076 0.217262184069924 0.197348742204873 0.222153662949589 0.269458584200518
197 20 5 0.283415206473637 0.229499081538237 0.258388770869382 0.227414129021836 0.119118186178917 0.169425033513076 0.217262184069924 0.197348742204873 0.222153662949589 0.269458584200518
198 20 4 0.283415206473637 0.229499081538237 0.258388770869382 0.227414129021836 0.119118186178917 0.169425033513076 0.217262184069924 0.197348742204873 0.222153662949589 0.269458584200518
199 20 4 0.283415206473637 0.229499081538237 0.258388770869382 0.227414129021836 0.119118186178917 0.169425033513076 0.217262184069924 0.197348742204873 0.222153662949589 0.269458584200518
200 20 6 0.283415206473637 0.229499081538237 0.258388770869382 0.227414129021836 0.119118186178917 0.169425033513076 0.217262184069924 0.197348742204873 0.222153662949589 0.269458584200518
201 21 27 0.334889762741279 0.243701272341525 0.301068199223475 0.357325433807767 0.386423435421089 0.450538774731658 0.441185000454005 0.365295298785051 0.383044639924925 0.436879429436444
202 21 25 0.334889762741279 0.243701272341525 0.301068199223475 0.357325433807767 0.386423435421089 0.450538774731658 0.441185000454005 0.365295298785051 0.383044639924925 0.436879429436444
203 21 23 0.334889762741279 0.243701272341525 0.301068199223475 0.357325433807767 0.386423435421089 0.450538774731658 0.441185000454005 0.365295298785051 0.383044639924925 0.436879429436444
204 21 24 0.334889762741279 0.243701272341525 0.301068199223475 0.357325433807767 0.386423435421089 0.450538774731658 0.441185000454005 0.365295298785051 0.383044639924925 0.436879429436444
205 21 26 0.334889762741279 0.243701272341525 0.301068199223475 0.357325433807767 0.386423435421089 0.450538774731658 0.441185000454005 0.365295298785051 0.383044639924925 0.436879429436444
206 21 24 0.334889762741279 0.243701272341525 0.301068199223475 0.357325433807767 0.386423435421089 0.450538774731658 0.441185000454005 0.365295298785051 0.383044639924925 0.436879429436444
207 21 22 0.334889762741279 0.243701272341525 0.301068199223475 0.357325433807767 0.386423435421089 0.450538774731658 0.441185000454005 0.365295298785051 0.383044639924925 0.436879429436444
208 21 26 0.334889762741279 0.243701272341525 0.301068199223475 0.357325433807767 0.386423435421089 0.450538774731658 0.441185000454005 0.365295298785051 0.383044639924925 0.436879429436444
209 21 19 0.334889762741279 0.243701272341525 0.301068199223475 0.357325433807767 0.386423435421089 0.450538774731658 0.441185000454005 0.365295298785051 0.383044639924925 0.436879429436444
210 21 29 0.334889762741279 0.243701272341525 0.301068199223475 0.357325433807767 0.386423435421089 0.450538774731658 0.441185000454005 0.365295298785051 0.383044639924925 0.436879429436444
211 22 10 0.328555167876884 0.254567645575884 0.297919228521003 0.297484886267862 0.2319420509392 0.292046016316856 0.322334916986982 0.279247313680885 0.303586500261478 0.357638105679458
212 22 16 0.328555167876884 0.254567645575884 0.297919228521003 0.297484886267862 0.2319420509392 0.292046016316856 0.322334916986982 0.279247313680885 0.303586500261478 0.357638105679458
213 22 16 0.328555167876884 0.254567645575884 0.297919228521003 0.297484886267862 0.2319420509392 0.292046016316856 0.322334916986982 0.279247313680885 0.303586500261478 0.357638105679458
214 22 17 0.328555167876884 0.254567645575884 0.297919228521003 0.297484886267862 0.2319420509392 0.292046016316856 0.322334916986982 0.279247313680885 0.303586500261478 0.357638105679458
215 22 9 0.328555167876884 0.254567645575884 0.297919228521003 0.297484886267862 0.2319420509392 0.292046016316856 0.322334916986982 0.279247313680885 0.303586500261478 0.357638105679458
216 22 15 0.328555167876884 0.254567645575884 0.297919228521003 0.297484886267862 0.2319420509392 0.292046016316856 0.322334916986982 0.279247313680885 0.303586500261478 0.357638105679458
217 22 15 0.328555167876884 0.254567645575884 0.297919228521003 0.297484886267862 0.2319420509392 0.292046016316856 0.322334916986982 0.279247313680885 0.303586500261478 0.357638105679458
218 22 18 0.328555167876884 0.254567645575884 0.297919228521003 0.297484886267862 0.2319420509392 0.292046016316856 0.322334916986982 0.279247313680885 0.303586500261478 0.357638105679458
219 22 15 0.328555167876884 0.254567645575884 0.297919228521003 0.297484886267862 0.2319420509392 0.292046016316856 0.322334916986982 0.279247313680885 0.303586500261478 0.357638105679458
220 22 12 0.328555167876884 0.254567645575884 0.297919228521003 0.297484886267862 0.2319420509392 0.292046016316856 0.322334916986982 0.279247313680885 0.303586500261478 0.357638105679458
221 23 3 0.329446716903993 0.265850996006359 0.300498807700601 0.261363320268687 0.130183995672818 0.188504070356227 0.246331446001347 0.224948646287262 0.254172000177879 0.309229553046585
222 23 3 0.329446716903993 0.265850996006359 0.300498807700601 0.261363320268687 0.130183995672818 0.188504070356227 0.246331446001347 0.224948646287262 0.254172000177879 0.309229553046585
223 23 3 0.329446716903993 0.265850996006359 0.300498807700601 0.261363320268687 0.130183995672818 0.188504070356227 0.246331446001347 0.224948646287262 0.254172000177879 0.309229553046585
224 23 2 0.329446716903993 0.265850996006359 0.300498807700601 0.261363320268687 0.130183995672818 0.188504070356227 0.246331446001347 0.224948646287262 0.254172000177879 0.309229553046585
225 23 3 0.329446716903993 0.265850996006359 0.300498807700601 0.261363320268687 0.130183995672818 0.188504070356227 0.246331446001347 0.224948646287262 0.254172000177879 0.309229553046585
226 23 4 0.329446716903993 0.265850996006359 0.300498807700601 0.261363320268687 0.130183995672818 0.188504070356227 0.246331446001347 0.224948646287262 0.254172000177879 0.309229553046585
227 23 5 0.329446716903993 0.265850996006359 0.300498807700601 0.261363320268687 0.130183995672818 0.188504070356227 0.246331446001347 0.224948646287262 0.254172000177879 0.309229553046585
228 23 0 0.329446716903993 0.265850996006359 0.300498807700601 0.261363320268687 0.130183995672818 0.188504070356227 0.246331446001347 0.224948646287262 0.254172000177879 0.309229553046585
229 23 5 0.329446716903993 0.265850996006359 0.300498807700601 0.261363320268687 0.130183995672818 0.188504070356227 0.246331446001347 0.224948646287262 0.254172000177879 0.309229553046585
230 23 6 0.329446716903993 0.265850996006359 0.300498807700601 0.261363320268687 0.130183995672818 0.188504070356227 0.246331446001347 0.224948646287262 0.254172000177879 0.309229553046585
231 24 29 0.395373560954644 0.280887141201879 0.354635335818835 0.438712588136077 0.502935903346006 0.579519436483155 0.555947487348203 0.456393838288526 0.47515025631291 0.538315940530739
232 24 37 0.395373560954644 0.280887141201879 0.354635335818835 0.438712588136077 0.502935903346006 0.579519436483155 0.555947487348203 0.456393838288526 0.47515025631291 0.538315940530739
233 24 28 0.395373560954644 0.280887141201879 0.354635335818835 0.438712588136077 0.502935903346006 0.579519436483155 0.555947487348203 0.456393838288526 0.47515025631291 0.538315940530739
234 24 24 0.395373560954644 0.280887141201879 0.354635335818835 0.438712588136077 0.502935903346006 0.579519436483155 0.555947487348203 0.456393838288526 0.47515025631291 0.538315940530739
235 24 36 0.395373560954644 0.280887141201879 0.354635335818835 0.438712588136077 0.502935903346006 0.579519436483155 0.555947487348203 0.456393838288526 0.47515025631291 0.538315940530739
236 24 38 0.395373560954644 0.280887141201879 0.354635335818835 0.438712588136077 0.502935903346006 0.579519436483155 0.555947487348203 0.456393838288526 0.47515025631291 0.538315940530739
237 24 41 0.395373560954644 0.280887141201879 0.354635335818835 0.438712588136077 0.502935903346006 0.579519436483155 0.555947487348203 0.456393838288526 0.47515025631291 0.538315940530739
238 24 31 0.395373560954644 0.280887141201879 0.354635335818835 0.438712588136077 0.502935903346006 0.579519436483155 0.555947487348203 0.456393838288526 0.47515025631291 0.538315940530739
239 24 26 0.395373560954644 0.280887141201879 0.354635335818835 0.438712588136077 0.502935903346006 0.579519436483155 0.555947487348203 0.456393838288526 0.47515025631291 0.538315940530739
240 24 31 0.395373560954644 0.280887141201879 0.354635335818835 0.438712588136077 0.502935903346006 0.579519436483155 0.555947487348203 0.456393838288526 0.47515025631291 0.538315940530739
241 25 18 0.372780142334363 0.290815315744977 0.338597127881703 0.325504332129531 0.229827028129224 0.297387350046463 0.340692525798058 0.298909888335638 0.328093927594807 0.389700881744496
242 25 9 0.372780142334363 0.290815315744977 0.338597127881703 0.325504332129531 0.229827028129224 0.297387350046463 0.340692525798058 0.298909888335638 0.328093927594807 0.389700881744496
243 25 12 0.372780142334363 0.290815315744977 0.338597127881703 0.325504332129531 0.229827028129224 0.297387350046463 0.340692525798058 0.298909888335638 0.328093927594807 0.389700881744496
244 25 7 0.372780142334363 0.290815315744977 0.338597127881703 0.325504332129531 0.229827028129224 0.297387350046463 0.340692525798058 0.298909888335638 0.328093927594807 0.389700881744496
245 25 10 0.372780142334363 0.290815315744977 0.338597127881703 0.325504332129531 0.229827028129224 0.297387350046463 0.340692525798058 0.298909888335638 0.328093927594807 0.389700881744496
246 25 11 0.372780142334363 0.290815315744977 0.338597127881703 0.325504332129531 0.229827028129224 0.297387350046463 0.340692525798058 0.298909888335638 0.328093927594807 0.389700881744496
247 25 9 0.372780142334363 0.290815315744977 0.338597127881703 0.325504332129531 0.229827028129224 0.297387350046463 0.340692525798058 0.298909888335638 0.328093927594807 0.389700881744496
248 25 15 0.372780142334363 0.290815315744977 0.338597127881703 0.325504332129531 0.229827028129224 0.297387350046463 0.340692525798058 0.298909888335638 0.328093927594807 0.389700881744496
249 25 6 0.372780142334363 0.290815315744977 0.338597127881703 0.325504332129531 0.229827028129224 0.297387350046463 0.340692525798058 0.298909888335638 0.328093927594807 0.389700881744496
250 25 18 0.372780142334363 0.290815315744977 0.338597127881703 0.325504332129531 0.229827028129224 0.297387350046463 0.340692525798058 0.298909888335638 0.328093927594807 0.389700881744496
251 26 1 0.37005861941572 0.301890177577394 0.338312432120266 0.277523275359991 0.101707308255089 0.166369997858748 0.243265748571729 0.228736562086743 0.263657607721284 0.325875943549567
252 26 3 0.37005861941572 0.301890177577394 0.338312432120266 0.277523275359991 0.101707308255089 0.166369997858748 0.243265748571729 0.228736562086743 0.263657607721284 0.325875943549567
253 26 0 0.37005861941572 0.301890177577394 0.338312432120266 0.277523275359991 0.101707308255089 0.166369997858748 0.243265748571729 0.228736562086743 0.263657607721284 0.325875943549567
254 26 1 0.37005861941572 0.301890177577394 0.338312432120266 0.277523275359991 0.101707308255089 0.166369997858748 0.243265748571729 0.228736562086743 0.263657607721284 0.325875943549567
255 26 1 0.37005861941572 0.301890177577394 0.338312432120266 0.277523275359991 0.101707308255089 0.166369997858748 0.243265748571729 0.228736562086743 0.263657607721284 0.325875943549567
256 26 3 0.37005861941572 0.301890177577394 0.338312432120266 0.277523275359991 0.101707308255089 0.166369997858748 0.243265748571729 0.228736562086743 0.263657607721284 0.325875943549567
257 26 0 0.37005861941572 0.301890177577394 0.338312432120266 0.277523275359991 0.101707308255089 0.166369997858748 0.243265748571729 0.228736562086743 0.263657607721284 0.325875943549567
258 26 2 0.37005861941572 0.301890177577394 0.338312432120266 0.277523275359991 0.101707308255089 0.166369997858748 0.243265748571729 0.228736562086743 0.263657607721284 0.325875943549567
259 26 1 0.37005861941572 0.301890177577394 0.338312432120266 0.277523275359991 0.101707308255089 0.166369997858748 0.243265748571729 0.228736562086743 0.263657607721284 0.325875943549567
260 26 0 0.37005861941572 0.301890177577394 0.338312432120266 0.277523275359991 0.101707308255089 0.166369997858748 0.243265748571729 0.228736562086743 0.263657607721284 0.325875943549567
261 27 40 0.435985463466371 0.316926322772914 0.392448960238501 0.454872543227381 0.474459215928277 0.557385363985676 0.552881789918585 0.460181754088007 0.484635863856315 0.554962331033721
262 27 32 0.435985463466371 0.316926322772914 0.392448960238501 0.454872543227381 0.474459215928277 0.557385363985676 0.552881789918585 0.460181754088007 0.484635863856315 0.554962331033721
263 27 28 0.435985463466371 0.316926322772914 0.392448960238501 0.454872543227381 0.474459215928277 0.557385363985676 0.552881789918585 0.460181754088007 0.484635863856315 0.554962331033721
264 27 18 0.435985463466371 0.316926322772914 0.392448960238501 0.454872543227381 0.474459215928277 0.557385363985676 0.552881789918585 0.460181754088007 0.484635863856315 0.554962331033721
265 27 28 0.435985463466371 0.316926322772914 0.392448960238501 0.454872543227381 0.474459215928277 0.557385363985676 0.552881789918585 0.460181754088007 0.484635863856315 0.554962331033721
266 27 33 0.435985463466371 0.316926322772914 0.392448960238501 0.454872543227381 0.474459215928277 0.557385363985676 0.552881789918585 0.460181754088007 0.484635863856315 0.554962331033721
267 27 19 0.435985463466371 0.316926322772914 0.392448960238501 0.454872543227381 0.474459215928277 0.557385363985676 0.552881789918585 0.460181754088007 0.484635863856315 0.554962331033721
268 27 19 0.435985463466371 0.316926322772914 0.392448960238501 0.454872543227381 0.474459215928277 0.557385363985676 0.552881789918585 0.460181754088007 0.484635863856315 0.554962331033721
269 27 38 0.435985463466371 0.316926322772914 0.392448960238501 0.454872543227381 0.474459215928277 0.557385363985676 0.552881789918585 0.460181754088007 0.484635863856315 0.554962331033721
270 27 31 0.435985463466371 0.316926322772914 0.392448960238501 0.454872543227381 0.474459215928277 0.557385363985676 0.552881789918585 0.460181754088007 0.484635863856315 0.554962331033721
271 28 14 0.420618188737595 0.327271474512128 0.38213930218344 0.365383268761565 0.254073669927003 0.330204090003157 0.380473440849827 0.334447121845662 0.367623174718059 0.437180043371592
272 28 9 0.420618188737595 0.327271474512128 0.38213930218344 0.365383268761565 0.254073669927003 0.330204090003157 0.380473440849827 0.334447121845662 0.367623174718059 0.437180043371592
273 28 7 0.420618188737595 0.327271474512128 0.38213930218344 0.365383268761565 0.254073669927003 0.330204090003157 0.380473440849827 0.334447121845662 0.367623174718059 0.437180043371592
274 28 13 0.420618188737595 0.327271474512128 0.38213930218344 0.365383268761565 0.254073669927003 0.330204090003157 0.380473440849827 0.334447121845662 0.367623174718059 0.437180043371592
275 28 14 0.420618188737595 0.327271474512128 0.38213930218344 0.365383268761565 0.254073669927003 0.330204090003157 0.380473440849827 0.334447121845662 0.367623174718059 0.437180043371592
276 28 14 0.420618188737595 0.327271474512128 0.38213930218344 0.365383268761565 0.254073669927003 0.330204090003157 0.380473440849827 0.334447121845662 0.367623174718059 0.437180043371592
277 28 17 0.420618188737595 0.327271474512128 0.38213930218344 0.365383268761565 0.254073669927003 0.330204090003157 0.380473440849827 0.334447121845662 0.367623174718059 0.437180043371592
278 28 10 0.420618188737595 0.327271474512128 0.38213930218344 0.365383268761565 0.254073669927003 0.330204090003157 0.380473440849827 0.334447121845662 0.367623174718059 0.437180043371592
279 28 9 0.420618188737595 0.327271474512128 0.38213930218344 0.365383268761565 0.254073669927003 0.330204090003157 0.380473440849827 0.334447121845662 0.367623174718059 0.437180043371592
280 28 12 0.420618188737595 0.327271474512128 0.38213930218344 0.365383268761565 0.254073669927003 0.330204090003157 0.380473440849827 0.334447121845662 0.367623174718059 0.437180043371592
281 29 6 0.42331627373758 0.338659069241632 0.386151018833556 0.335191448147572 0.165496446964498 0.240399847156071 0.315181622984539 0.288085783879674 0.325719584529422 0.396479683519748
282 29 8 0.42331627373758 0.338659069241632 0.386151018833556 0.335191448147572 0.165496446964498 0.240399847156071 0.315181622984539 0.288085783879674 0.325719584529422 0.396479683519748
283 29 3 0.42331627373758 0.338659069241632 0.386151018833556 0.335191448147572 0.165496446964498 0.240399847156071 0.315181622984539 0.288085783879674 0.325719584529422 0.396479683519748
284 29 7 0.42331627373758 0.338659069241632 0.386151018833556 0.335191448147572 0.165496446964498 0.240399847156071 0.315181622984539 0.288085783879674 0.325719584529422 0.396479683519748
285 29 6 0.42331627373758 0.338659069241632 0.386151018833556 0.335191448147572 0.165496446964498 0.240399847156071 0.315181622984539 0.288085783879674 0.325719584529422 0.396479683519748
286 29 8 0.42331627373758 0.338659069241632 0.386151018833556 0.335191448147572 0.165496446964498 0.240399847156071 0.315181622984539 0.288085783879674 0.325719584529422 0.396479683519748
287 29 5 0.42331627373758 0.338659069241632 0.386151018833556 0.335191448147572 0.165496446964498 0.240399847156071 0.315181622984539 0.288085783879674 0.325719584529422 0.396479683519748
288 29 3 0.42331627373758 0.338659069241632 0.386151018833556 0.335191448147572 0.165496446964498 0.240399847156071 0.315181622984539 0.288085783879674 0.325719584529422 0.396479683519748
289 29 10 0.42331627373758 0.338659069241632 0.386151018833556 0.335191448147572 0.165496446964498 0.240399847156071 0.315181622984539 0.288085783879674 0.325719584529422 0.396479683519748
290 29 8 0.42331627373758 0.338659069241632 0.386151018833556 0.335191448147572 0.165496446964498 0.240399847156071 0.315181622984539 0.288085783879674 0.325719584529422 0.396479683519748
291 30 22 0.469371222086593 0.352548527147833 0.424534034776096 0.447313516777956 0.39325919929504 0.480300479034023 0.506969480007579 0.432220352176945 0.464077831819872 0.540775950412589
292 30 25 0.469371222086593 0.352548527147833 0.424534034776096 0.447313516777956 0.39325919929504 0.480300479034023 0.506969480007579 0.432220352176945 0.464077831819872 0.540775950412589
293 30 23 0.469371222086593 0.352548527147833 0.424534034776096 0.447313516777956 0.39325919929504 0.480300479034023 0.506969480007579 0.432220352176945 0.464077831819872 0.540775950412589
294 30 25 0.469371222086593 0.352548527147833 0.424534034776096 0.447313516777956 0.39325919929504 0.480300479034023 0.506969480007579 0.432220352176945 0.464077831819872 0.540775950412589
295 30 26 0.469371222086593 0.352548527147833 0.424534034776096 0.447313516777956 0.39325919929504 0.480300479034023 0.506969480007579 0.432220352176945 0.464077831819872 0.540775950412589
296 30 17 0.469371222086593 0.352548527147833 0.424534034776096 0.447313516777956 0.39325919929504 0.480300479034023 0.506969480007579 0.432220352176945 0.464077831819872 0.540775950412589
297 30 29 0.469371222086593 0.352548527147833 0.424534034776096 0.447313516777956 0.39325919929504 0.480300479034023 0.506969480007579 0.432220352176945 0.464077831819872 0.540775950412589
298 30 18 0.469371222086593 0.352548527147833 0.424534034776096 0.447313516777956 0.39325919929504 0.480300479034023 0.506969480007579 0.432220352176945 0.464077831819872 0.540775950412589
299 30 29 0.469371222086593 0.352548527147833 0.424534034776096 0.447313516777956 0.39325919929504 0.480300479034023 0.506969480007579 0.432220352176945 0.464077831819872 0.540775950412589
300 30 20 0.469371222086593 0.352548527147833 0.424534034776096 0.447313516777956 0.39325919929504 0.480300479034023 0.506969480007579 0.432220352176945 0.464077831819872 0.540775950412589
301 31 13 0.473875843059455 0.364040366176366 0.429977888896729 0.423051441549145 0.317862808636412 0.404233939300481 0.452389315262638 0.393796343638593 0.429685151526197 0.507783783341774
302 31 17 0.473875843059455 0.364040366176366 0.429977888896729 0.423051441549145 0.317862808636412 0.404233939300481 0.452389315262638 0.393796343638593 0.429685151526197 0.507783783341774
303 31 17 0.473875843059455 0.364040366176366 0.429977888896729 0.423051441549145 0.317862808636412 0.404233939300481 0.452389315262638 0.393796343638593 0.429685151526197 0.507783783341774
304 31 14 0.473875843059455 0.364040366176366 0.429977888896729 0.423051441549145 0.317862808636412 0.404233939300481 0.452389315262638 0.393796343638593 0.429685151526197 0.507783783341774
305 31 13 0.473875843059455 0.364040366176366 0.429977888896729 0.423051441549145 0.317862808636412 0.404233939300481 0.452389315262638 0.393796343638593 0.429685151526197 0.507783783341774
306 31 20 0.473875843059455 0.364040366176366 0.429977888896729 0.423051441549145 0.317862808636412 0.404233939300481 0.452389315262638 0.393796343638593 0.429685151526197 0.507783783341774
307 31 12 0.473875843059455 0.364040366176366 0.429977888896729 0.423051441549145 0.317862808636412 0.404233939300481 0.452389315262638 0.393796343638593 0.429685151526197 0.507783783341774
308 31 19 0.473875843059455 0.364040366176366 0.429977888896729 0.423051441549145 0.317862808636412 0.404233939300481 0.452389315262638 0.393796343638593 0.429685151526197 0.507783783341774
309 31 21 0.473875843059455 0.364040366176366 0.429977888896729 0.423051441549145 0.317862808636412 0.404233939300481 0.452389315262638 0.393796343638593 0.429685151526197 0.507783783341774
310 31 17 0.473875843059455 0.364040366176366 0.429977888896729 0.423051441549145 0.317862808636412 0.404233939300481 0.452389315262638 0.393796343638593 0.429685151526197 0.507783783341774
311 32 8 0.465734712222183 0.374802495111696 0.425396780723739 0.357281148624059 0.150200591850646 0.232003477772135 0.322827578675268 0.299811029106791 0.342716101967788 0.420834266803759
312 32 4 0.465734712222183 0.374802495111696 0.425396780723739 0.357281148624059 0.150200591850646 0.232003477772135 0.322827578675268 0.299811029106791 0.342716101967788 0.420834266803759
313 32 6 0.465734712222183 0.374802495111696 0.425396780723739 0.357281148624059 0.150200591850646 0.232003477772135 0.322827578675268 0.299811029106791 0.342716101967788 0.420834266803759
314 32 4 0.465734712222183 0.374802495111696 0.425396780723739 0.357281148624059 0.150200591850646 0.232003477772135 0.322827578675268 0.299811029106791 0.342716101967788 0.420834266803759
315 32 4 0.465734712222183 0.374802495111696 0.425396780723739 0.357281148624059 0.150200591850646 0.232003477772135 0.322827578675268 0.299811029106791 0.342716101967788 0.420834266803759
316 32 5 0.465734712222183 0.374802495111696 0.425396780723739 0.357281148624059 0.150200591850646 0.232003477772135 0.322827578675268 0.299811029106791 0.342716101967788 0.420834266803759
317 32 3 0.465734712222183 0.374802495111696 0.425396780723739 0.357281148624059 0.150200591850646 0.232003477772135 0.322827578675268 0.299811029106791 0.342716101967788 0.420834266803759
318 32 7 0.465734712222183 0.374802495111696 0.425396780723739 0.357281148624059 0.150200591850646 0.232003477772135 0.322827578675268 0.299811029106791 0.342716101967788 0.420834266803759
319 32 7 0.465734712222183 0.374802495111696 0.425396780723739 0.357281148624059 0.150200591850646 0.232003477772135 0.322827578675268 0.299811029106791 0.342716101967788 0.420834266803759
320 32 9 0.465734712222183 0.374802495111696 0.425396780723739 0.357281148624059 0.150200591850646 0.232003477772135 0.322827578675268 0.299811029106791 0.342716101967788 0.420834266803759
321 33 37 0.538887700164339 0.390255617503332 0.485261858724044 0.558349398032177 0.575675828739341 0.677969656353236 0.675290232503512 0.563005538818598 0.593737997682667 0.680753425412027
322 33 39 0.538887700164339 0.390255617503332 0.485261858724044 0.558349398032177 0.575675828739341 0.677969656353236 0.675290232503512 0.563005538818598 0.593737997682667 0.680753425412027
323 33 44 0.538887700164339 0.390255617503332 0.485261858724044 0.558349398032177 0.575675828739341 0.677969656353236 0.675290232503512 0.563005538818598 0.593737997682667 0.680753425412027
324 33 33 0.538887700164339 0.390255617503332 0.485261858724044 0.558349398032177 0.575675828739341 0.677969656353236 0.675290232503512 0.563005538818598 0.593737997682667 0.680753425412027
325 33 36 0.538887700164339 0.390255617503332 0.485261858724044 0.558349398032177 0.575675828739341 0.677969656353236 0.675290232503512 0.563005538818598 0.593737997682667 0.680753425412027
326 33 34 0.538887700164339 0.390255617503332 0.485261858724044 0.558349398032177 0.575675828739341 0.677969656353236 0.675290232503512 0.563005538818598 0.593737997682667 0.680753425412027
327 33 37 0.538887700164339 0.390255617503332 0.485261858724044 0.558349398032177 0.575675828739341 0.677969656353236 0.675290232503512 0.563005538818598 0.593737997682667 0.680753425412027
328 33 29 0.538887700164339 0.390255617503332 0.485261858724044 0.558349398032177 0.575675828739341 0.677969656353236 0.675290232503512 0.563005538818598 0.593737997682667 0.680753425412027
329 33 35 0.538887700164339 0.390255617503332 0.485261858724044 0.558349398032177 0.575675828739341 0.677969656353236 0.675290232503512 0.563005538818598 0.593737997682667 0.680753425412027
330 33 29 0.538887700164339 0.390255617503332 0.485261858724044 0.558349398032177 0.575675828739341 0.677969656353236 0.675290232503512 0.563005538818598 0.593737997682667 0.680753425412027
331 34 18 0.51990735348981 0.400392280644488 0.472087925727948 0.457000632795996 0.328928618130314 0.423312976143631 0.481458577194061 0.421396247720982 0.461703488754487 0.547554752187841
332 34 20 0.51990735348981 0.400392280644488 0.472087925727948 0.457000632795996 0.328928618130314 0.423312976143631 0.481458577194061 0.421396247720982 0.461703488754487 0.547554752187841
333 34 17 0.51990735348981 0.400392280644488 0.472087925727948 0.457000632795996 0.328928618130314 0.423312976143631 0.481458577194061 0.421396247720982 0.461703488754487 0.547554752187841
334 34 17 0.51990735348981 0.400392280644488 0.472087925727948 0.457000632795996 0.328928618130314 0.423312976143631 0.481458577194061 0.421396247720982 0.461703488754487 0.547554752187841
335 34 21 0.51990735348981 0.400392280644488 0.472087925727948 0.457000632795996 0.328928618130314 0.423312976143631 0.481458577194061 0.421396247720982 0.461703488754487 0.547554752187841
336 34 19 0.51990735348981 0.400392280644488 0.472087925727948 0.457000632795996 0.328928618130314 0.423312976143631 0.481458577194061 0.421396247720982 0.461703488754487 0.547554752187841
337 34 11 0.51990735348981 0.400392280644488 0.472087925727948 0.457000632795996 0.328928618130314 0.423312976143631 0.481458577194061 0.421396247720982 0.461703488754487 0.547554752187841
338 34 7 0.51990735348981 0.400392280644488 0.472087925727948 0.457000632795996 0.328928618130314 0.423312976143631 0.481458577194061 0.421396247720982 0.461703488754487 0.547554752187841
339 34 18 0.51990735348981 0.400392280644488 0.472087925727948 0.457000632795996 0.328928618130314 0.423312976143631 0.481458577194061 0.421396247720982 0.461703488754487 0.547554752187841
340 34 20 0.51990735348981 0.400392280644488 0.472087925727948 0.457000632795996 0.328928618130314 0.423312976143631 0.481458577194061 0.421396247720982 0.461703488754487 0.547554752187841
341 35 9 0.517185830571167 0.411467142476905 0.47180322996651 0.409019576026457 0.200808898256178 0.292295623955916 0.384031799967732 0.351222921472087 0.397267168880964 0.483729813992912
342 35 5 0.517185830571167 0.411467142476905 0.47180322996651 0.409019576026457 0.200808898256178 0.292295623955916 0.384031799967732 0.351222921472087 0.397267168880964 0.483729813992912
343 35 11 0.517185830571167 0.411467142476905 0.47180322996651 0.409019576026457 0.200808898256178 0.292295623955916 0.384031799967732 0.351222921472087 0.397267168880964 0.483729813992912
344 35 5 0.517185830571167 0.411467142476905 0.47180322996651 0.409019576026457 0.200808898256178 0.292295623955916 0.384031799967732 0.351222921472087 0.397267168880964 0.483729813992912
345 35 9 0.517185830571167 0.411467142476905 0.47180322996651 0.409019576026457 0.200808898256178 0.292295623955916 0.384031799967732 0.351222921472087 0.397267168880964 0.483729813992912
346 35 2 0.517185830571167 0.411467142476905 0.47180322996651 0.409019576026457 0.200808898256178 0.292295623955916 0.384031799967732 0.351222921472087 0.397267168880964 0.483729813992912
347 35 6 0.517185830571167 0.411467142476905 0.47180322996651 0.409019576026457 0.200808898256178 0.292295623955916 0.384031799967732 0.351222921472087 0.397267168880964 0.483729813992912
348 35 6 0.517185830571167 0.411467142476905 0.47180322996651 0.409019576026457 0.200808898256178 0.292295623955916 0.384031799967732 0.351222921472087 0.397267168880964 0.483729813992912
349 35 6 0.517185830571167 0.411467142476905 0.47180322996651 0.409019576026457 0.200808898256178 0.292295623955916 0.384031799967732 0.351222921472087 0.397267168880964 0.483729813992912
350 35 6 0.517185830571167 0.411467142476905 0.47180322996651 0.409019576026457 0.200808898256178 0.292295623955916 0.384031799967732 0.351222921472087 0.397267168880964 0.483729813992912
351 36 28 0.559627706974428 0.425148111785048 0.507321970968015 0.509282153886476 0.402209985978966 0.504720849606781 0.554396350750077 0.479482830914086 0.52060359638149 0.612609695323695
352 36 32 0.559627706974428 0.425148111785048 0.507321970968015 0.509282153886476 0.402209985978966 0.504720849606781 0.554396350750077 0.479482830914086 0.52060359638149 0.612609695323695
353 36 23 0.559627706974428 0.425148111785048 0.507321970968015 0.509282153886476 0.402209985978966 0.504720849606781 0.554396350750077 0.479482830914086 0.52060359638149 0.612609695323695
354 36 11 0.559627706974428 0.425148111785048 0.507321970968015 0.509282153886476 0.402209985978966 0.504720849606781 0.554396350750077 0.479482830914086 0.52060359638149 0.612609695323695
355 36 27 0.559627706974428 0.425148111785048 0.507321970968015 0.509282153886476 0.402209985978966 0.504720849606781 0.554396350750077 0.479482830914086 0.52060359638149 0.612609695323695
356 36 20 0.559627706974428 0.425148111785048 0.507321970968015 0.509282153886476 0.402209985978966 0.504720849606781 0.554396350750077 0.479482830914086 0.52060359638149 0.612609695323695
357 36 20 0.559627706974428 0.425148111785048 0.507321970968015 0.509282153886476 0.402209985978966 0.504720849606781 0.554396350750077 0.479482830914086 0.52060359638149 0.612609695323695
358 36 20 0.559627706974428 0.425148111785048 0.507321970968015 0.509282153886476 0.402209985978966 0.504720849606781 0.554396350750077 0.479482830914086 0.52060359638149 0.612609695323695
359 36 22 0.559627706974428 0.425148111785048 0.507321970968015 0.509282153886476 0.402209985978966 0.504720849606781 0.554396350750077 0.479482830914086 0.52060359638149 0.612609695323695
360 36 24 0.559627706974428 0.425148111785048 0.507321970968015 0.509282153886476 0.402209985978966 0.504720849606781 0.554396350750077 0.479482830914086 0.52060359638149 0.612609695323695
361 37 9 0.558712720028661 0.436327217916494 0.508469412677095 0.467230842502118 0.287271098408707 0.387441200532609 0.467681226644095 0.417246834092827 0.463678186402929 0.556492949909794
362 37 17 0.558712720028661 0.436327217916494 0.508469412677095 0.467230842502118 0.287271098408707 0.387441200532609 0.467681226644095 0.417246834092827 0.463678186402929 0.556492949909794
363 37 10 0.558712720028661 0.436327217916494 0.508469412677095 0.467230842502118 0.287271098408707 0.387441200532609 0.467681226644095 0.417246834092827 0.463678186402929 0.556492949909794
364 37 14 0.558712720028661 0.436327217916494 0.508469412677095 0.467230842502118 0.287271098408707 0.387441200532609 0.467681226644095 0.417246834092827 0.463678186402929 0.556492949909794
365 37 11 0.558712720028661 0.436327217916494 0.508469412677095 0.467230842502118 0.287271098408707 0.387441200532609 0.467681226644095 0.417246834092827 0.463678186402929 0.556492949909794
366 37 9 0.558712720028661 0.436327217916494 0.508469412677095 0.467230842502118 0.287271098408707 0.387441200532609 0.467681226644095 0.417246834092827 0.463678186402929 0.556492949909794
367 37 9 0.558712720028661 0.436327217916494 0.508469412677095 0.467230842502118 0.287271098408707 0.387441200532609 0.467681226644095 0.417246834092827 0.463678186402929 0.556492949909794
368 37 11 0.558712720028661 0.436327217916494 0.508469412677095 0.467230842502118 0.287271098408707 0.387441200532609 0.467681226644095 0.417246834092827 0.463678186402929 0.556492949909794
369 37 12 0.558712720028661 0.436327217916494 0.508469412677095 0.467230842502118 0.287271098408707 0.387441200532609 0.467681226644095 0.417246834092827 0.463678186402929 0.556492949909794
370 37 9 0.558712720028661 0.436327217916494 0.508469412677095 0.467230842502118 0.287271098408707 0.387441200532609 0.467681226644095 0.417246834092827 0.463678186402929 0.556492949909794
371 38 5 0.561410805028646 0.447714812645998 0.512481129327211 0.437039021888126 0.198693875446203 0.297636957685523 0.402389408778807 0.37088549612684 0.421774596214293 0.515792590057951
372 38 7 0.561410805028646 0.447714812645998 0.512481129327211 0.437039021888126 0.198693875446203 0.297636957685523 0.402389408778807 0.37088549612684 0.421774596214293 0.515792590057951
373 38 11 0.561410805028646 0.447714812645998 0.512481129327211 0.437039021888126 0.198693875446203 0.297636957685523 0.402389408778807 0.37088549612684 0.421774596214293 0.515792590057951
374 38 6 0.561410805028646 0.447714812645998 0.512481129327211 0.437039021888126 0.198693875446203 0.297636957685523 0.402389408778807 0.37088549612684 0.421774596214293 0.515792590057951
375 38 6 0.561410805028646 0.447714812645998 0.512481129327211 0.437039021888126 0.198693875446203 0.297636957685523 0.402389408778807 0.37088549612684 0.421774596214293 0.515792590057951
376 38 4 0.561410805028646 0.447714812645998 0.512481129327211 0.437039021888126 0.198693875446203 0.297636957685523 0.402389408778807 0.37088549612684 0.421774596214293 0.515792590057951
377 38 5 0.561410805028646 0.447714812645998 0.512481129327211 0.437039021888126 0.198693875446203 0.297636957685523 0.402389408778807 0.37088549612684 0.421774596214293 0.515792590057951
378 38 5 0.561410805028646 0.447714812645998 0.512481129327211 0.437039021888126 0.198693875446203 0.297636957685523 0.402389408778807 0.37088549612684 0.421774596214293 0.515792590057951
379 38 7 0.561410805028646 0.447714812645998 0.512481129327211 0.437039021888126 0.198693875446203 0.297636957685523 0.402389408778807 0.37088549612684 0.421774596214293 0.515792590057951
380 38 2 0.561410805028646 0.447714812645998 0.512481129327211 0.437039021888126 0.198693875446203 0.297636957685523 0.402389408778807 0.37088549612684 0.421774596214293 0.515792590057951
381 39 30 0.605659217404783 0.46150002625317 0.549432007799234 0.543231345133327 0.413275795472867 0.523799886449932 0.5834656126815 0.507082734996474 0.55262193360978 0.652380664169762
382 39 21 0.605659217404783 0.46150002625317 0.549432007799234 0.543231345133327 0.413275795472867 0.523799886449932 0.5834656126815 0.507082734996474 0.55262193360978 0.652380664169762
383 39 33 0.605659217404783 0.46150002625317 0.549432007799234 0.543231345133327 0.413275795472867 0.523799886449932 0.5834656126815 0.507082734996474 0.55262193360978 0.652380664169762
384 39 22 0.605659217404783 0.46150002625317 0.549432007799234 0.543231345133327 0.413275795472867 0.523799886449932 0.5834656126815 0.507082734996474 0.55262193360978 0.652380664169762
385 39 22 0.605659217404783 0.46150002625317 0.549432007799234 0.543231345133327 0.413275795472867 0.523799886449932 0.5834656126815 0.507082734996474 0.55262193360978 0.652380664169762
386 39 19 0.605659217404783 0.46150002625317 0.549432007799234 0.543231345133327 0.413275795472867 0.523799886449932 0.5834656126815 0.507082734996474 0.55262193360978 0.652380664169762
387 39 15 0.605659217404783 0.46150002625317 0.549432007799234 0.543231345133327 0.413275795472867 0.523799886449932 0.5834656126815 0.507082734996474 0.55262193360978 0.652380664169762
388 39 17 0.605659217404783 0.46150002625317 0.549432007799234 0.543231345133327 0.413275795472867 0.523799886449932 0.5834656126815 0.507082734996474 0.55262193360978 0.652380664169762
389 39 29 0.605659217404783 0.46150002625317 0.549432007799234 0.543231345133327 0.413275795472867 0.523799886449932 0.5834656126815 0.507082734996474 0.55262193360978 0.652380664169762
390 39 23 0.605659217404783 0.46150002625317 0.549432007799234 0.543231345133327 0.413275795472867 0.523799886449932 0.5834656126815 0.507082734996474 0.55262193360978 0.652380664169762
391 40 11 0.60293769448614 0.472574888085587 0.549147312037796 0.495250288363787 0.285156075598732 0.392782534262216 0.486038835455171 0.43690940874758 0.488185613736258 0.588555725974833
392 40 8 0.60293769448614 0.472574888085587 0.549147312037796 0.495250288363787 0.285156075598732 0.392782534262216 0.486038835455171 0.43690940874758 0.488185613736258 0.588555725974833
393 40 14 0.60293769448614 0.472574888085587 0.549147312037796 0.495250288363787 0.285156075598732 0.392782534262216 0.486038835455171 0.43690940874758 0.488185613736258 0.588555725974833
394 40 9 0.60293769448614 0.472574888085587 0.549147312037796 0.495250288363787 0.285156075598732 0.392782534262216 0.486038835455171 0.43690940874758 0.488185613736258 0.588555725974833
395 40 6 0.60293769448614 0.472574888085587 0.549147312037796 0.495250288363787 0.285156075598732 0.392782534262216 0.486038835455171 0.43690940874758 0.488185613736258 0.588555725974833
396 40 11 0.60293769448614 0.472574888085587 0.549147312037796 0.495250288363787 0.285156075598732 0.392782534262216 0.486038835455171 0.43690940874758 0.488185613736258 0.588555725974833
397 40 11 0.60293769448614 0.472574888085587 0.549147312037796 0.495250288363787 0.285156075598732 0.392782534262216 0.486038835455171 0.43690940874758 0.488185613736258 0.588555725974833
398 40 8 0.60293769448614 0.472574888085587 0.549147312037796 0.495250288363787 0.285156075598732 0.392782534262216 0.486038835455171 0.43690940874758 0.488185613736258 0.588555725974833
399 40 7 0.60293769448614 0.472574888085587 0.549147312037796 0.495250288363787 0.285156075598732 0.392782534262216 0.486038835455171 0.43690940874758 0.488185613736258 0.588555725974833
400 40 11 0.60293769448614 0.472574888085587 0.549147312037796 0.495250288363787 0.285156075598732 0.392782534262216 0.486038835455171 0.43690940874758 0.488185613736258 0.588555725974833
401 41 1 0.602022707540373 0.483753994217033 0.550294753746877 0.45319897697943 0.170217188028474 0.275502885188044 0.399323711349189 0.374673411926321 0.431260203757697 0.532438980560932
402 41 3 0.602022707540373 0.483753994217033 0.550294753746877 0.45319897697943 0.170217188028474 0.275502885188044 0.399323711349189 0.374673411926321 0.431260203757697 0.532438980560932
403 41 7 0.602022707540373 0.483753994217033 0.550294753746877 0.45319897697943 0.170217188028474 0.275502885188044 0.399323711349189 0.374673411926321 0.431260203757697 0.532438980560932
404 41 4 0.602022707540373 0.483753994217033 0.550294753746877 0.45319897697943 0.170217188028474 0.275502885188044 0.399323711349189 0.374673411926321 0.431260203757697 0.532438980560932
405 41 2 0.602022707540373 0.483753994217033 0.550294753746877 0.45319897697943 0.170217188028474 0.275502885188044 0.399323711349189 0.374673411926321 0.431260203757697 0.532438980560932
406 41 3 0.602022707540373 0.483753994217033 0.550294753746877 0.45319897697943 0.170217188028474 0.275502885188044 0.399323711349189 0.374673411926321 0.431260203757697 0.532438980560932
407 41 4 0.602022707540373 0.483753994217033 0.550294753746877 0.45319897697943 0.170217188028474 0.275502885188044 0.399323711349189 0.374673411926321 0.431260203757697 0.532438980560932
408 41 5 0.602022707540373 0.483753994217033 0.550294753746877 0.45319897697943 0.170217188028474 0.275502885188044 0.399323711349189 0.374673411926321 0.431260203757697 0.532438980560932
409 41 4 0.602022707540373 0.483753994217033 0.550294753746877 0.45319897697943 0.170217188028474 0.275502885188044 0.399323711349189 0.374673411926321 0.431260203757697 0.532438980560932
410 41 2 0.602022707540373 0.483753994217033 0.550294753746877 0.45319897697943 0.170217188028474 0.275502885188044 0.399323711349189 0.374673411926321 0.431260203757697 0.532438980560932
411 42 26 0.657110335753767 0.498164673618379 0.595838457042005 0.594969772535725 0.4638841018784 0.584092032633712 0.644669833973964 0.55849462736177 0.607173000522957 0.715276211358915
412 42 20 0.657110335753767 0.498164673618379 0.595838457042005 0.594969772535725 0.4638841018784 0.584092032633712 0.644669833973964 0.55849462736177 0.607173000522957 0.715276211358915
413 42 19 0.657110335753767 0.498164673618379 0.595838457042005 0.594969772535725 0.4638841018784 0.584092032633712 0.644669833973964 0.55849462736177 0.607173000522957 0.715276211358915
414 42 23 0.657110335753767 0.498164673618379 0.595838457042005 0.594969772535725 0.4638841018784 0.584092032633712 0.644669833973964 0.55849462736177 0.607173000522957 0.715276211358915
415 42 29 0.657110335753767 0.498164673618379 0.595838457042005 0.594969772535725 0.4638841018784 0.584092032633712 0.644669833973964 0.55849462736177 0.607173000522957 0.715276211358915
416 42 22 0.657110335753767 0.498164673618379 0.595838457042005 0.594969772535725 0.4638841018784 0.584092032633712 0.644669833973964 0.55849462736177 0.607173000522957 0.715276211358915
417 42 34 0.657110335753767 0.498164673618379 0.595838457042005 0.594969772535725 0.4638841018784 0.584092032633712 0.644669833973964 0.55849462736177 0.607173000522957 0.715276211358915
418 42 32 0.657110335753767 0.498164673618379 0.595838457042005 0.594969772535725 0.4638841018784 0.584092032633712 0.644669833973964 0.55849462736177 0.607173000522957 0.715276211358915
419 42 18 0.657110335753767 0.498164673618379 0.595838457042005 0.594969772535725 0.4638841018784 0.584092032633712 0.644669833973964 0.55849462736177 0.607173000522957 0.715276211358915
420 42 27 0.657110335753767 0.498164673618379 0.595838457042005 0.594969772535725 0.4638841018784 0.584092032633712 0.644669833973964 0.55849462736177 0.607173000522957 0.715276211358915
421 43 32 0.668841100618134 0.510073489843028 0.60701086104471 0.594426678847644 0.44121104043528 0.562976305354343 0.632936281710411 0.551819936533962 0.602823959809129 0.713116815412214
422 43 16 0.668841100618134 0.510073489843028 0.60701086104471 0.594426678847644 0.44121104043528 0.562976305354343 0.632936281710411 0.551819936533962 0.602823959809129 0.713116815412214
423 43 20 0.668841100618134 0.510073489843028 0.60701086104471 0.594426678847644 0.44121104043528 0.562976305354343 0.632936281710411 0.551819936533962 0.602823959809129 0.713116815412214
424 43 33 0.668841100618134 0.510073489843028 0.60701086104471 0.594426678847644 0.44121104043528 0.562976305354343 0.632936281710411 0.551819936533962 0.602823959809129 0.713116815412214
425 43 21 0.668841100618134 0.510073489843028 0.60701086104471 0.594426678847644 0.44121104043528 0.562976305354343 0.632936281710411 0.551819936533962 0.602823959809129 0.713116815412214
426 43 20 0.668841100618134 0.510073489843028 0.60701086104471 0.594426678847644 0.44121104043528 0.562976305354343 0.632936281710411 0.551819936533962 0.602823959809129 0.713116815412214
427 43 21 0.668841100618134 0.510073489843028 0.60701086104471 0.594426678847644 0.44121104043528 0.562976305354343 0.632936281710411 0.551819936533962 0.602823959809129 0.713116815412214
428 43 25 0.668841100618134 0.510073489843028 0.60701086104471 0.594426678847644 0.44121104043528 0.562976305354343 0.632936281710411 0.551819936533962 0.602823959809129 0.713116815412214
429 43 26 0.668841100618134 0.510073489843028 0.60701086104471 0.594426678847644 0.44121104043528 0.562976305354343 0.632936281710411 0.551819936533962 0.602823959809129 0.713116815412214
430 43 14 0.668841100618134 0.510073489843028 0.60701086104471 0.594426678847644 0.44121104043528 0.562976305354343 0.632936281710411 0.551819936533962 0.602823959809129 0.713116815412214
431 44 10 0.662506505753738 0.520939863077387 0.603861890342237 0.53458613130774 0.286729655953391 0.40448354693954 0.514086198243388 0.465771951429795 0.523365820145683 0.633875491655228
432 44 8 0.662506505753738 0.520939863077387 0.603861890342237 0.53458613130774 0.286729655953391 0.40448354693954 0.514086198243388 0.465771951429795 0.523365820145683 0.633875491655228
433 44 14 0.662506505753738 0.520939863077387 0.603861890342237 0.53458613130774 0.286729655953391 0.40448354693954 0.514086198243388 0.465771951429795 0.523365820145683 0.633875491655228
434 44 10 0.662506505753738 0.520939863077387 0.603861890342237 0.53458613130774 0.286729655953391 0.40448354693954 0.514086198243388 0.465771951429795 0.523365820145683 0.633875491655228
435 44 14 0.662506505753738 0.520939863077387 0.603861890342237 0.53458613130774 0.286729655953391 0.40448354693954 0.514086198243388 0.465771951429795 0.523365820145683 0.633875491655228
436 44 6 0.662506505753738 0.520939863077387 0.603861890342237 0.53458613130774 0.286729655953391 0.40448354693954 0.514086198243388 0.465771951429795 0.523365820145683 0.633875491655228
437 44 12 0.662506505753738 0.520939863077387 0.603861890342237 0.53458613130774 0.286729655953391 0.40448354693954 0.514086198243388 0.465771951429795 0.523365820145683 0.633875491655228
438 44 15 0.662506505753738 0.520939863077387 0.603861890342237 0.53458613130774 0.286729655953391 0.40448354693954 0.514086198243388 0.465771951429795 0.523365820145683 0.633875491655228
439 44 12 0.662506505753738 0.520939863077387 0.603861890342237 0.53458613130774 0.286729655953391 0.40448354693954 0.514086198243388 0.465771951429795 0.523365820145683 0.633875491655228
440 44 12 0.662506505753738 0.520939863077387 0.603861890342237 0.53458613130774 0.286729655953391 0.40448354693954 0.514086198243388 0.465771951429795 0.523365820145683 0.633875491655228
441 45 17 0.694109166319742 0.533995366591356 0.630787806520636 0.599270236856665 0.409045749852917 0.534482553909146 0.620180830303652 0.54640788430598 0.601636788276437 0.71650621629984
442 45 25 0.694109166319742 0.533995366591356 0.630787806520636 0.599270236856665 0.409045749852917 0.534482553909146 0.620180830303652 0.54640788430598 0.601636788276437 0.71650621629984
443 45 18 0.694109166319742 0.533995366591356 0.630787806520636 0.599270236856665 0.409045749852917 0.534482553909146 0.620180830303652 0.54640788430598 0.601636788276437 0.71650621629984
444 45 30 0.694109166319742 0.533995366591356 0.630787806520636 0.599270236856665 0.409045749852917 0.534482553909146 0.620180830303652 0.54640788430598 0.601636788276437 0.71650621629984
445 45 20 0.694109166319742 0.533995366591356 0.630787806520636 0.599270236856665 0.409045749852917 0.534482553909146 0.620180830303652 0.54640788430598 0.601636788276437 0.71650621629984
446 45 17 0.694109166319742 0.533995366591356 0.630787806520636 0.599270236856665 0.409045749852917 0.534482553909146 0.620180830303652 0.54640788430598 0.601636788276437 0.71650621629984
447 45 25 0.694109166319742 0.533995366591356 0.630787806520636 0.599270236856665 0.409045749852917 0.534482553909146 0.620180830303652 0.54640788430598 0.601636788276437 0.71650621629984
448 45 20 0.694109166319742 0.533995366591356 0.630787806520636 0.599270236856665 0.409045749852917 0.534482553909146 0.620180830303652 0.54640788430598 0.601636788276437 0.71650621629984
449 45 18 0.694109166319742 0.533995366591356 0.630787806520636 0.599270236856665 0.409045749852917 0.534482553909146 0.620180830303652 0.54640788430598 0.601636788276437 0.71650621629984
450 45 25 0.694109166319742 0.533995366591356 0.630787806520636 0.599270236856665 0.409045749852917 0.534482553909146 0.620180830303652 0.54640788430598 0.601636788276437 0.71650621629984
451 46 17 0.696807251319727 0.54538296132086 0.634799523170751 0.569078416242672 0.320468526890412 0.444678311062061 0.554889012438364 0.500046546339992 0.5597331980878 0.675805856447996
452 46 18 0.696807251319727 0.54538296132086 0.634799523170751 0.569078416242672 0.320468526890412 0.444678311062061 0.554889012438364 0.500046546339992 0.5597331980878 0.675805856447996
453 46 15 0.696807251319727 0.54538296132086 0.634799523170751 0.569078416242672 0.320468526890412 0.444678311062061 0.554889012438364 0.500046546339992 0.5597331980878 0.675805856447996
454 46 8 0.696807251319727 0.54538296132086 0.634799523170751 0.569078416242672 0.320468526890412 0.444678311062061 0.554889012438364 0.500046546339992 0.5597331980878 0.675805856447996
455 46 11 0.696807251319727 0.54538296132086 0.634799523170751 0.569078416242672 0.320468526890412 0.444678311062061 0.554889012438364 0.500046546339992 0.5597331980878 0.675805856447996
456 46 19 0.696807251319727 0.54538296132086 0.634799523170751 0.569078416242672 0.320468526890412 0.444678311062061 0.554889012438364 0.500046546339992 0.5597331980878 0.675805856447996
457 46 8 0.696807251319727 0.54538296132086 0.634799523170751 0.569078416242672 0.320468526890412 0.444678311062061 0.554889012438364 0.500046546339992 0.5597331980878 0.675805856447996
458 46 11 0.696807251319727 0.54538296132086 0.634799523170751 0.569078416242672 0.320468526890412 0.444678311062061 0.554889012438364 0.500046546339992 0.5597331980878 0.675805856447996
459 46 16 0.696807251319727 0.54538296132086 0.634799523170751 0.569078416242672 0.320468526890412 0.444678311062061 0.554889012438364 0.500046546339992 0.5597331980878 0.675805856447996
460 46 16 0.696807251319727 0.54538296132086 0.634799523170751 0.569078416242672 0.320468526890412 0.444678311062061 0.554889012438364 0.500046546339992 0.5597331980878 0.675805856447996
461 47 2 0.69589226437396 0.556562067452306 0.635946964879832 0.527027104858314 0.205529639320154 0.327398661987888 0.468173888332382 0.437810549518733 0.50280778810924 0.619689111034095
462 47 5 0.69589226437396 0.556562067452306 0.635946964879832 0.527027104858314 0.205529639320154 0.327398661987888 0.468173888332382 0.437810549518733 0.50280778810924 0.619689111034095
463 47 4 0.69589226437396 0.556562067452306 0.635946964879832 0.527027104858314 0.205529639320154 0.327398661987888 0.468173888332382 0.437810549518733 0.50280778810924 0.619689111034095
464 47 5 0.69589226437396 0.556562067452306 0.635946964879832 0.527027104858314 0.205529639320154 0.327398661987888 0.468173888332382 0.437810549518733 0.50280778810924 0.619689111034095
465 47 1 0.69589226437396 0.556562067452306 0.635946964879832 0.527027104858314 0.205529639320154 0.327398661987888 0.468173888332382 0.437810549518733 0.50280778810924 0.619689111034095
466 47 3 0.69589226437396 0.556562067452306 0.635946964879832 0.527027104858314 0.205529639320154 0.327398661987888 0.468173888332382 0.437810549518733 0.50280778810924 0.619689111034095
467 47 9 0.69589226437396 0.556562067452306 0.635946964879832 0.527027104858314 0.205529639320154 0.327398661987888 0.468173888332382 0.437810549518733 0.50280778810924 0.619689111034095
468 47 4 0.69589226437396 0.556562067452306 0.635946964879832 0.527027104858314 0.205529639320154 0.327398661987888 0.468173888332382 0.437810549518733 0.50280778810924 0.619689111034095
469 47 5 0.69589226437396 0.556562067452306 0.635946964879832 0.527027104858314 0.205529639320154 0.327398661987888 0.468173888332382 0.437810549518733 0.50280778810924 0.619689111034095
470 47 4 0.69589226437396 0.556562067452306 0.635946964879832 0.527027104858314 0.205529639320154 0.327398661987888 0.468173888332382 0.437810549518733 0.50280778810924 0.619689111034095
471 48 24 0.745560284668726 0.570660013956565 0.677194255763407 0.651008664259063 0.459654056258449 0.594774700092927 0.681385051596115 0.597819776671276 0.656187855189613 0.779401763488993
472 48 19 0.745560284668726 0.570660013956565 0.677194255763407 0.651008664259063 0.459654056258449 0.594774700092927 0.681385051596115 0.597819776671276 0.656187855189613 0.779401763488993
473 48 21 0.745560284668726 0.570660013956565 0.677194255763407 0.651008664259063 0.459654056258449 0.594774700092927 0.681385051596115 0.597819776671276 0.656187855189613 0.779401763488993
474 48 22 0.745560284668726 0.570660013956565 0.677194255763407 0.651008664259063 0.459654056258449 0.594774700092927 0.681385051596115 0.597819776671276 0.656187855189613 0.779401763488993
475 48 22 0.745560284668726 0.570660013956565 0.677194255763407 0.651008664259063 0.459654056258449 0.594774700092927 0.681385051596115 0.597819776671276 0.656187855189613 0.779401763488993
476 48 35 0.745560284668726 0.570660013956565 0.677194255763407 0.651008664259063 0.459654056258449 0.594774700092927 0.681385051596115 0.597819776671276 0.656187855189613 0.779401763488993
477 48 31 0.745560284668726 0.570660013956565 0.677194255763407 0.651008664259063 0.459654056258449 0.594774700092927 0.681385051596115 0.597819776671276 0.656187855189613 0.779401763488993
478 48 19 0.745560284668726 0.570660013956565 0.677194255763407 0.651008664259063 0.459654056258449 0.594774700092927 0.681385051596115 0.597819776671276 0.656187855189613 0.779401763488993
479 48 17 0.745560284668726 0.570660013956565 0.677194255763407 0.651008664259063 0.459654056258449 0.594774700092927 0.681385051596115 0.597819776671276 0.656187855189613 0.779401763488993
480 48 24 0.745560284668726 0.570660013956565 0.677194255763407 0.651008664259063 0.459654056258449 0.594774700092927 0.681385051596115 0.597819776671276 0.656187855189613 0.779401763488993
481 49 21 0.760904121478844 0.582777318779273 0.691230934707147 0.662325061341346 0.463342659423083 0.601134379040644 0.691074805573256 0.607019744698738 0.66686063426571 0.792658753104349
482 49 26 0.760904121478844 0.582777318779273 0.691230934707147 0.662325061341346 0.463342659423083 0.601134379040644 0.691074805573256 0.607019744698738 0.66686063426571 0.792658753104349
483 49 22 0.760904121478844 0.582777318779273 0.691230934707147 0.662325061341346 0.463342659423083 0.601134379040644 0.691074805573256 0.607019744698738 0.66686063426571 0.792658753104349
484 49 21 0.760904121478844 0.582777318779273 0.691230934707147 0.662325061341346 0.463342659423083 0.601134379040644 0.691074805573256 0.607019744698738 0.66686063426571 0.792658753104349
485 49 20 0.760904121478844 0.582777318779273 0.691230934707147 0.662325061341346 0.463342659423083 0.601134379040644 0.691074805573256 0.607019744698738 0.66686063426571 0.792658753104349
486 49 24 0.760904121478844 0.582777318779273 0.691230934707147 0.662325061341346 0.463342659423083 0.601134379040644 0.691074805573256 0.607019744698738 0.66686063426571 0.792658753104349
487 49 28 0.760904121478844 0.582777318779273 0.691230934707147 0.662325061341346 0.463342659423083 0.601134379040644 0.691074805573256 0.607019744698738 0.66686063426571 0.792658753104349
488 49 24 0.760904121478844 0.582777318779273 0.691230934707147 0.662325061341346 0.463342659423083 0.601134379040644 0.691074805573256 0.607019744698738 0.66686063426571 0.792658753104349
489 49 26 0.760904121478844 0.582777318779273 0.691230934707147 0.662325061341346 0.463342659423083 0.601134379040644 0.691074805573256 0.607019744698738 0.66686063426571 0.792658753104349
490 49 22 0.760904121478844 0.582777318779273 0.691230934707147 0.662325061341346 0.463342659423083 0.601134379040644 0.691074805573256 0.607019744698738 0.66686063426571 0.792658753104349
491 50 2 0.740117238831439 0.592809737621399 0.676624864240532 0.555046550719983 0.203414616510178 0.332739995717496 0.486531497143457 0.457473124173486 0.527315215442568 0.651751887099134
492 50 3 0.740117238831439 0.592809737621399 0.676624864240532 0.555046550719983 0.203414616510178 0.332739995717496 0.486531497143457 0.457473124173486 0.527315215442568 0.651751887099134
493 50 4 0.740117238831439 0.592809737621399 0.676624864240532 0.555046550719983 0.203414616510178 0.332739995717496 0.486531497143457 0.457473124173486 0.527315215442568 0.651751887099134
494 50 4 0.740117238831439 0.592809737621399 0.676624864240532 0.555046550719983 0.203414616510178 0.332739995717496 0.486531497143457 0.457473124173486 0.527315215442568 0.651751887099134
495 50 2 0.740117238831439 0.592809737621399 0.676624864240532 0.555046550719983 0.203414616510178 0.332739995717496 0.486531497143457 0.457473124173486 0.527315215442568 0.651751887099134
496 50 3 0.740117238831439 0.592809737621399 0.676624864240532 0.555046550719983 0.203414616510178 0.332739995717496 0.486531497143457 0.457473124173486 0.527315215442568 0.651751887099134
497 50 2 0.740117238831439 0.592809737621399 0.676624864240532 0.555046550719983 0.203414616510178 0.332739995717496 0.486531497143457 0.457473124173486 0.527315215442568 0.651751887099134
498 50 1 0.740117238831439 0.592809737621399 0.676624864240532 0.555046550719983 0.203414616510178 0.332739995717496 0.486531497143457 0.457473124173486 0.527315215442568 0.651751887099134
499 50 6 0.740117238831439 0.592809737621399 0.676624864240532 0.555046550719983 0.203414616510178 0.332739995717496 0.486531497143457 0.457473124173486 0.527315215442568 0.651751887099134
500 50 2 0.740117238831439 0.592809737621399 0.676624864240532 0.555046550719983 0.203414616510178 0.332739995717496 0.486531497143457 0.457473124173486 0.527315215442568 0.651751887099134
