S R_500 R_1000 R_1500 R_2000 R_2500 R_3000 R_3500 R_4000 R_4500 R_5000
1 20 0.825812147931085 0.49895058405049 0.156347257584025 0.263603736433016 0.372106207641258 0.496623577140402 0.432337322608938 0.0633857091280706 0.0277659558011517 0.545443084675045
2 5 0.827907682376597 0.571439159439568 0.376333975565277 0.503313978542591 0.610996165129539 0.761215510591498 0.649315519962013 0.231008833597929 0.237387709616698 0.739457639276691
3 17 0.791661665289315 0.487613383151529 0.178543674081594 0.283903575729061 0.387776050817864 0.510457659563022 0.442636398612032 0.0223176399464351 0.00800063881437943 0.548030015450896
4 11 0.78097668255723 0.507997174648235 0.259271385574535 0.370573602864268 0.47262931770616 0.603266331520928 0.518395489730756 0.0895032306894437 0.10830739215884 0.613563843910062
5 5 0.770291699825144 0.528380966144942 0.339999097067476 0.457243629999475 0.557482584594456 0.696075003478834 0.59415458084948 0.201324101325322 0.208614145503301 0.679097672369228
6 22 0.726945395416974 0.415608087694473 0.0648426808680636 0.152810885533519 0.248686531060567 0.349882007176363 0.309020400480414 0.153432190046887 0.112354543117568 0.416291867353167
7 13 0.720520585077422 0.453360140488637 0.191990061190442 0.290494317660182 0.384885361482192 0.499951766298666 0.431852527010588 0.0192465712856986 0.0429011809180223 0.524652604526493
8 3 0.715515832202047 0.496901613715287 0.334610664455966 0.44518221811733 0.538199379748259 0.669108554475767 0.57037566534458 0.212211296183854 0.216473228517323 0.647288977937872
9 23 0.667909355401344 0.36676047396736 0.0130345794271162 0.089736068659918 0.178057762681042 0.2656544710089 0.238168449564063 0.203402885885063 0.159444430794676 0.341656264207651
10 12 0.664324659990147 0.416091367626496 0.171128405635786 0.261428437447552 0.348486968791552 0.4538982882408 0.392382599701872 0.00984780257866069 0.0324439403683345 0.478568273857084
11 7 0.652219619793884 0.430685738690717 0.236382894185581 0.331093996252273 0.416225047835406 0.527619931143907 0.452450679016778 0.10138270964897 0.114434370149085 0.529826466078197
12 29 0.601773028064826 0.288965758077818 0.11613963672956 0.0583610898661096 0.0218530550793024 0.0859917895674417 0.0888614396286282 0.354803399551085 0.298115936290334 0.195642479871868
13 17 0.599608390117806 0.34408607216944 0.0574274124222552 0.130335747252009 0.209397449034256 0.293322635854141 0.258766601570253 0.121266747521792 0.0879112415636132 0.346830125759354
14 5 0.597443752170786 0.399206386261062 0.230994461574071 0.319032584370129 0.396941842989209 0.500653482140841 0.428671763511878 0.112269904507502 0.122293453163107 0.498017771646841
15 29 0.544157045513373 0.245907564783191 0.152474515227362 0.104431438409225 0.0316605254557801 0.0208512824547774 0.0337005005160945 0.384488131823692 0.326889500403732 0.135282512964405
16 16 0.543412465030531 0.306817299307299 0.0365657568675993 0.101269867039379 0.172999056343616 0.247269157796276 0.219296674261536 0.130665516228829 0.098368482113301 0.300745795089945
17 3 0.542667884547688 0.367727033831407 0.225606028962561 0.306971172487984 0.377658638143012 0.473687033137774 0.404892848006978 0.123157099366033 0.130152536177129 0.466209077215485
18 21 0.497901522675341 0.249164734948452 0.0650236101799974 0.0144660403084578 0.0517473967646802 0.108407007780505 0.104067655834096 0.251885155571746 0.209132476007449 0.18912763596137
19 10 0.494316827264143 0.298495628607587 0.0930702160286723 0.157226328479176 0.222176602875191 0.296650825012405 0.258281805971904 0.038634467108022 0.0172441048444389 0.326039645610803
20 5 0.48221178706788 0.313089999671808 0.158324704578467 0.226891887283898 0.289914681919044 0.370372467915512 0.318349885286811 0.0529004399622876 0.0647463249363118 0.377297837831915
21 26 0.433185252803 0.177159439491395 0.178724603393528 0.145558730504 0.0873421229926166 0.0521686446061543 0.0295483422975223 0.382999705672198 0.329487657939397 0.0573894878636404
22 14 0.43102061485598 0.232279753583017 0.00515755424171255 0.043138106614119 0.100202270962337 0.155162201680545 0.140356819644103 0.149463053642905 0.119282963212677 0.208577133751127
23 7 0.421755689588072 0.258452965512209 0.091043380194374 0.146812602079811 0.202170725695076 0.26705790269325 0.231806922566643 0.0173562194414575 0.000659886304506009 0.288386598448346
24 20 0.384089615036613 0.168837768791684 0.122220144232455 0.0896022690642035 0.0381645764610419 0.00278697739002477 0.00943678941284538 0.290968656551391 0.248363280670535 0.0826833383844981
25 22 0.362044172591107 0.142906196828503 0.16527821628468 0.138967988572879 0.0902328123282885 0.0626745378705108 0.0403322138989664 0.341435494440065 0.294587115835754 0.0340120769392371
26 5 0.366979821964975 0.226973613082554 0.0856549475828639 0.134751190197667 0.182887520848879 0.240091453690184 0.208028007061743 0.00646902458292635 0.00719919670951617 0.25657790401699
27 37 0.302332655594141 0.0273594281447972 0.421599812763735 0.42474857922557 0.382636350351653 0.392406978434272 0.312471350364576 0.665514769438672 0.588514345367003 0.220362444569872
28 17 0.311528477360542 0.128795105696306 0.124246980066753 0.100015995463568 0.0581704536411567 0.0323798997091804 0.0170380939924155 0.269690408884826 0.231779062130602 0.0450302912220414
29 4 0.3107838968777 0.189704840220414 0.064793292028208 0.105685309985036 0.146489128158239 0.194037975632318 0.168558079753026 0.0158677932899643 0.00325804384017162 0.210493573347581
30 28 0.257497190220287 0.0364060187425434 0.318675684773225 0.317778712794317 0.28211324028675 0.285764224053745 0.226413183242757 0.512625829621157 0.45244099740701 0.152241685334854
31 12 0.261012782129977 0.114684014564109 0.083215743848826 0.0610640023542567 0.0261080949540249 0.00208526154784975 0.00625602591413529 0.197945323329588 0.16897100842545 0.0560485055048457
32 1 0.25742808671878 0.164014908223245 0.0748780823598436 0.110628366433377 0.144321111156486 0.186158555684051 0.160470176051943 0.015305365134136 0.0229173627375605 0.192960515154279
33 22 0.208401552453899 0.028084348042832 0.262171225612152 0.261822251354521 0.232935693755175 0.236382556837616 0.18742805153239 0.42059478050035 0.371316620138148 0.126947834813996
34 20 0.192036339865104 0.0253104578095948 0.243336405891794 0.243170097541255 0.21654317824465 0.219922001098906 0.174433007628934 0.389917764126748 0.344275161048528 0.118516551307044
35 7 0.191291759382261 0.0862201923337024 0.0542961337968327 0.0374687920926506 0.011883596445254 0.00649587424259267 0.0111631661165082 0.136095148531885 0.115754142758097 0.0469467308184958
36 21 0.152205627366624 0.00918442481930887 0.283032881166808 0.290888131567151 0.269334086445815 0.282436034895481 0.226897978841106 0.429993549207388 0.381773860687836 0.173032165483406
37 19 0.135840414777828 0.0119583150525461 0.26419806144645 0.272235977753885 0.25294157093529 0.265975479156771 0.213902934937651 0.399316532833785 0.354732401598216 0.164600881976453
38 6 0.135095834294986 0.0489514194715615 0.0751577893514887 0.0665346723052808 0.0482819891358936 0.0395576038152726 0.0283067611922086 0.145493917238923 0.126211383307785 0.000862400149086565
39 29 0.0832291851017506 0.0985579815738227 0.443153543209775 0.472994226754149 0.45976916973644 0.500272774446537 0.407587012384176 0.621965990004547 0.557078013310914 0.347597222295295
40 18 0.0796444896905532 0.0492270879146869 0.285059717001106 0.301301857966516 0.289339963625929 0.312028957214637 0.253372862246367 0.408715301540823 0.365189642147903 0.210685212645862
41 4 0.0803199666718885 0.0174720670419066 0.0805462219629988 0.0785960841874256 0.0675651939820904 0.0665240528183391 0.0520856766971085 0.134606722380392 0.118352300293763 0.0309462942822693
42 26 0.0298733749428306 0.124247913570992 0.43306875287814 0.468051170305809 0.461937186738194 0.508152194394805 0.415674916085259 0.590792831580447 0.530902606733182 0.365130280488598
43 16 0.0248686220674555 0.0807064403443419 0.290448149612616 0.31336326984866 0.308623168472126 0.338995406217703 0.277151777751267 0.397828106682292 0.357330559133881 0.242493907077218
44 7 0.018443811727903 0.0429543875501779 0.163300769290238 0.175679837721997 0.172424338050501 0.1889256470954 0.154319651221093 0.225149345349706 0.202074835098291 0.134133169903892
45 16 0.0135420329668463 0.10941190254076 0.314671401944484 0.344076835544071 0.344298888828848 0.382422410959479 0.313925737159623 0.417617928197363 0.37651293520948 0.282733885015527
46 13 0.0284871880914645 0.106396372341511 0.28036335928098 0.30842021340032 0.31079118547388 0.34687482616597 0.28523968145235 0.366654948258192 0.331155152556149 0.260026965270521
47 7 0.0391721708235498 0.0860125808448046 0.19963564778804 0.221750186265113 0.225937918585584 0.254066154208065 0.209480590333627 0.254834077622313 0.230848399211688 0.194493136811355
48 32 0.0938789349451404 0.245100822755161 0.598577847532618 0.662218677374952 0.671655474875016 0.752955382948927 0.620142865133228 0.771878077519075 0.698347676342237 0.571504031731843
49 17 0.0917834004996276 0.172612247366081 0.378591129551365 0.422508435265377 0.432765517386734 0.488363449497831 0.403164667780152 0.477483534793075 0.433194010924387 0.377489477130197
50 5 0.0939480384466475 0.11749193327446 0.20502408039955 0.233811598147258 0.245221123431781 0.281032603211131 0.233259505838527 0.243946882763782 0.222989316197666 0.22630183124271
