site S R_500 R_1000 R_1500 R_2000 R_2500 R_3000 R_3500 R_4000 R_4500 R_5000
1 1 73 0.443449066739976 0.34855268393335 0.140678499521202 0.0563249178702401 0.0297386325547283 0.106151423187407 0.11268805805092 0.258984957225675 0.214505502764188 0.26317326767079
2 1 65 0.443449066739976 0.34855268393335 0.140678499521202 0.0563249178702401 0.0297386325547283 0.106151423187407 0.11268805805092 0.258984957225675 0.214505502764188 0.26317326767079
3 1 63 0.443449066739976 0.34855268393335 0.140678499521202 0.0563249178702401 0.0297386325547283 0.106151423187407 0.11268805805092 0.258984957225675 0.214505502764188 0.26317326767079
4 1 69 0.443449066739976 0.34855268393335 0.140678499521202 0.0563249178702401 0.0297386325547283 0.106151423187407 0.11268805805092 0.258984957225675 0.214505502764188 0.26317326767079
5 1 64 0.443449066739976 0.34855268393335 0.140678499521202 0.0563249178702401 0.0297386325547283 0.106151423187407 0.11268805805092 0.258984957225675 0.214505502764188 0.26317326767079
6 1 71 0.443449066739976 0.34855268393335 0.140678499521202 0.0563249178702401 0.0297386325547283 0.106151423187407 0.11268805805092 0.258984957225675 0.214505502764188 0.26317326767079
7 1 65 0.443449066739976 0.34855268393335 0.140678499521202 0.0563249178702401 0.0297386325547283 0.106151423187407 0.11268805805092 0.258984957225675 0.214505502764188 0.26317326767079
8 1 74 0.443449066739976 0.34855268393335 0.140678499521202 0.0563249178702401 0.0297386325547283 0.106151423187407 0.11268805805092 0.258984957225675 0.214505502764188 0.26317326767079
9 1 63 0.443449066739976 0.34855268393335 0.140678499521202 0.0563249178702401 0.0297386325547283 0.106151423187407 0.11268805805092 0.258984957225675 0.214505502764188 0.26317326767079
10 1 65 0.443449066739976 0.34855268393335 0.140678499521202 0.0563249178702401 0.0297386325547283 0.106151423187407 0.11268805805092 0.258984957225675 0.214505502764188 0.26317326767079
11 2 71 0.441402134276543 0.352273136422108 0.119814389317439 0.0385455691269797 0.0452885230339222 0.124433627096333 0.128226916121982 0.241331480691534 0.198921062827875 0.277726258532226
12 2 62 0.441402134276543 0.352273136422108 0.119814389317439 0.0385455691269797 0.0452885230339222 0.124433627096333 0.128226916121982 0.241331480691534 0.198921062827875 0.277726258532226
13 2 78 0.441402134276543 0.352273136422108 0.119814389317439 0.0385455691269797 0.0452885230339222 0.124433627096333 0.128226916121982 0.241331480691534 0.198921062827875 0.277726258532226
14 2 62 0.441402134276543 0.352273136422108 0.119814389317439 0.0385455691269797 0.0452885230339222 0.124433627096333 0.128226916121982 0.241331480691534 0.198921062827875 0.277726258532226
15 2 73 0.441402134276543 0.352273136422108 0.119814389317439 0.0385455691269797 0.0452885230339222 0.124433627096333 0.128226916121982 0.241331480691534 0.198921062827875 0.277726258532226
16 2 63 0.441402134276543 0.352273136422108 0.119814389317439 0.0385455691269797 0.0452885230339222 0.124433627096333 0.128226916121982 0.241331480691534 0.198921062827875 0.277726258532226
17 2 53 0.441402134276543 0.352273136422108 0.119814389317439 0.0385455691269797 0.0452885230339222 0.124433627096333 0.128226916121982 0.241331480691534 0.198921062827875 0.277726258532226
18 2 56 0.441402134276543 0.352273136422108 0.119814389317439 0.0385455691269797 0.0452885230339222 0.124433627096333 0.128226916121982 0.241331480691534 0.198921062827875 0.277726258532226
19 2 68 0.441402134276543 0.352273136422108 0.119814389317439 0.0385455691269797 0.0452885230339222 0.124433627096333 0.128226916121982 0.241331480691534 0.198921062827875 0.277726258532226
20 2 67 0.441402134276543 0.352273136422108 0.119814389317439 0.0385455691269797 0.0452885230339222 0.124433627096333 0.128226916121982 0.241331480691534 0.198921062827875 0.277726258532226
21 3 32 0.553227349346732 0.573022046050316 0.34086279624062 0.382275251177471 0.4438486306751 0.619168711039432 0.556974419192929 0.0862345912800114 0.096533326931604 0.737161673351354
22 3 19 0.553227349346732 0.573022046050316 0.34086279624062 0.382275251177471 0.4438486306751 0.619168711039432 0.556974419192929 0.0862345912800114 0.096533326931604 0.737161673351354
23 3 19 0.553227349346732 0.573022046050316 0.34086279624062 0.382275251177471 0.4438486306751 0.619168711039432 0.556974419192929 0.0862345912800114 0.096533326931604 0.737161673351354
24 3 31 0.553227349346732 0.573022046050316 0.34086279624062 0.382275251177471 0.4438486306751 0.619168711039432 0.556974419192929 0.0862345912800114 0.096533326931604 0.737161673351354
25 3 31 0.553227349346732 0.573022046050316 0.34086279624062 0.382275251177471 0.4438486306751 0.619168711039432 0.556974419192929 0.0862345912800114 0.096533326931604 0.737161673351354
26 3 17 0.553227349346732 0.573022046050316 0.34086279624062 0.382275251177471 0.4438486306751 0.619168711039432 0.556974419192929 0.0862345912800114 0.096533326931604 0.737161673351354
27 3 34 0.553227349346732 0.573022046050316 0.34086279624062 0.382275251177471 0.4438486306751 0.619168711039432 0.556974419192929 0.0862345912800114 0.096533326931604 0.737161673351354
28 3 23 0.553227349346732 0.573022046050316 0.34086279624062 0.382275251177471 0.4438486306751 0.619168711039432 0.556974419192929 0.0862345912800114 0.096533326931604 0.737161673351354
29 3 22 0.553227349346732 0.573022046050316 0.34086279624062 0.382275251177471 0.4438486306751 0.619168711039432 0.556974419192929 0.0862345912800114 0.096533326931604 0.737161673351354
30 3 30 0.553227349346732 0.573022046050316 0.34086279624062 0.382275251177471 0.4438486306751 0.619168711039432 0.556974419192929 0.0862345912800114 0.096533326931604 0.737161673351354
31 4 49 0.485254436732257 0.45109444440571 0.107098283870843 0.166714800595833 0.237655763849989 0.361609773875945 0.33328721963248 0.0755350137548696 0.0499122040823359 0.494151155605706
32 4 41 0.485254436732257 0.45109444440571 0.107098283870843 0.166714800595833 0.237655763849989 0.361609773875945 0.33328721963248 0.0755350137548696 0.0499122040823359 0.494151155605706
33 4 42 0.485254436732257 0.45109444440571 0.107098283870843 0.166714800595833 0.237655763849989 0.361609773875945 0.33328721963248 0.0755350137548696 0.0499122040823359 0.494151155605706
34 4 29 0.485254436732257 0.45109444440571 0.107098283870843 0.166714800595833 0.237655763849989 0.361609773875945 0.33328721963248 0.0755350137548696 0.0499122040823359 0.494151155605706
35 4 41 0.485254436732257 0.45109444440571 0.107098283870843 0.166714800595833 0.237655763849989 0.361609773875945 0.33328721963248 0.0755350137548696 0.0499122040823359 0.494151155605706
36 4 39 0.485254436732257 0.45109444440571 0.107098283870843 0.166714800595833 0.237655763849989 0.361609773875945 0.33328721963248 0.0755350137548696 0.0499122040823359 0.494151155605706
37 4 46 0.485254436732257 0.45109444440571 0.107098283870843 0.166714800595833 0.237655763849989 0.361609773875945 0.33328721963248 0.0755350137548696 0.0499122040823359 0.494151155605706
38 4 51 0.485254436732257 0.45109444440571 0.107098283870843 0.166714800595833 0.237655763849989 0.361609773875945 0.33328721963248 0.0755350137548696 0.0499122040823359 0.494151155605706
39 4 48 0.485254436732257 0.45109444440571 0.107098283870843 0.166714800595833 0.237655763849989 0.361609773875945 0.33328721963248 0.0755350137548696 0.0499122040823359 0.494151155605706
40 4 38 0.485254436732257 0.45109444440571 0.107098283870843 0.166714800595833 0.237655763849989 0.361609773875945 0.33328721963248 0.0755350137548696 0.0499122040823359 0.494151155605706
41 5 33 0.486204139730236 0.46052617208235 0.139536422373403 0.195100503853862 0.263284870570288 0.392430211469982 0.359699989414066 0.0497259426039539 0.0269627654664652 0.520411578676555
42 5 38 0.486204139730236 0.46052617208235 0.139536422373403 0.195100503853862 0.263284870570288 0.392430211469982 0.359699989414066 0.0497259426039539 0.0269627654664652 0.520411578676555
43 5 45 0.486204139730236 0.46052617208235 0.139536422373403 0.195100503853862 0.263284870570288 0.392430211469982 0.359699989414066 0.0497259426039539 0.0269627654664652 0.520411578676555
44 5 43 0.486204139730236 0.46052617208235 0.139536422373403 0.195100503853862 0.263284870570288 0.392430211469982 0.359699989414066 0.0497259426039539 0.0269627654664652 0.520411578676555
45 5 42 0.486204139730236 0.46052617208235 0.139536422373403 0.195100503853862 0.263284870570288 0.392430211469982 0.359699989414066 0.0497259426039539 0.0269627654664652 0.520411578676555
46 5 38 0.486204139730236 0.46052617208235 0.139536422373403 0.195100503853862 0.263284870570288 0.392430211469982 0.359699989414066 0.0497259426039539 0.0269627654664652 0.520411578676555
47 5 42 0.486204139730236 0.46052617208235 0.139536422373403 0.195100503853862 0.263284870570288 0.392430211469982 0.359699989414066 0.0497259426039539 0.0269627654664652 0.520411578676555
48 5 45 0.486204139730236 0.46052617208235 0.139536422373403 0.195100503853862 0.263284870570288 0.392430211469982 0.359699989414066 0.0497259426039539 0.0269627654664652 0.520411578676555
49 5 37 0.486204139730236 0.46052617208235 0.139536422373403 0.195100503853862 0.263284870570288 0.392430211469982 0.359699989414066 0.0497259426039539 0.0269627654664652 0.520411578676555
50 5 48 0.486204139730236 0.46052617208235 0.139536422373403 0.195100503853862 0.263284870570288 0.392430211469982 0.359699989414066 0.0497259426039539 0.0269627654664652 0.520411578676555
51 6 73 0.343315340580485 0.195816690740739 0.383578797466305 0.28561880959698 0.194888402282444 0.178584567821249 0.135835002909466 0.415385413058179 0.35753326346933 0.0152847443044172
52 6 77 0.343315340580485 0.195816690740739 0.383578797466305 0.28561880959698 0.194888402282444 0.178584567821249 0.135835002909466 0.415385413058179 0.35753326346933 0.0152847443044172
53 6 91 0.343315340580485 0.195816690740739 0.383578797466305 0.28561880959698 0.194888402282444 0.178584567821249 0.135835002909466 0.415385413058179 0.35753326346933 0.0152847443044172
54 6 76 0.343315340580485 0.195816690740739 0.383578797466305 0.28561880959698 0.194888402282444 0.178584567821249 0.135835002909466 0.415385413058179 0.35753326346933 0.0152847443044172
55 6 89 0.343315340580485 0.195816690740739 0.383578797466305 0.28561880959698 0.194888402282444 0.178584567821249 0.135835002909466 0.415385413058179 0.35753326346933 0.0152847443044172
56 6 75 0.343315340580485 0.195816690740739 0.383578797466305 0.28561880959698 0.194888402282444 0.178584567821249 0.135835002909466 0.415385413058179 0.35753326346933 0.0152847443044172
57 6 85 0.343315340580485 0.195816690740739 0.383578797466305 0.28561880959698 0.194888402282444 0.178584567821249 0.135835002909466 0.415385413058179 0.35753326346933 0.0152847443044172
58 6 78 0.343315340580485 0.195816690740739 0.383578797466305 0.28561880959698 0.194888402282444 0.178584567821249 0.135835002909466 0.415385413058179 0.35753326346933 0.0152847443044172
59 6 86 0.343315340580485 0.195816690740739 0.383578797466305 0.28561880959698 0.194888402282444 0.178584567821249 0.135835002909466 0.415385413058179 0.35753326346933 0.0152847443044172
60 6 86 0.343315340580485 0.195816690740739 0.383578797466305 0.28561880959698 0.194888402282444 0.178584567821249 0.135835002909466 0.415385413058179 0.35753326346933 0.0152847443044172
61 7 67 0.380224669115397 0.273783720671941 0.212252319378178 0.129956852161733 0.0483087006688867 0.00269467399410491 0.0210647073983991 0.291709206505978 0.246203840698775 0.151464865279388
62 7 66 0.380224669115397 0.273783720671941 0.212252319378178 0.129956852161733 0.0483087006688867 0.00269467399410491 0.0210647073983991 0.291709206505978 0.246203840698775 0.151464865279388
63 7 71 0.380224669115397 0.273783720671941 0.212252319378178 0.129956852161733 0.0483087006688867 0.00269467399410491 0.0210647073983991 0.291709206505978 0.246203840698775 0.151464865279388
64 7 67 0.380224669115397 0.273783720671941 0.212252319378178 0.129956852161733 0.0483087006688867 0.00269467399410491 0.0210647073983991 0.291709206505978 0.246203840698775 0.151464865279388
65 7 67 0.380224669115397 0.273783720671941 0.212252319378178 0.129956852161733 0.0483087006688867 0.00269467399410491 0.0210647073983991 0.291709206505978 0.246203840698775 0.151464865279388
66 7 65 0.380224669115397 0.273783720671941 0.212252319378178 0.129956852161733 0.0483087006688867 0.00269467399410491 0.0210647073983991 0.291709206505978 0.246203840698775 0.151464865279388
67 7 63 0.380224669115397 0.273783720671941 0.212252319378178 0.129956852161733 0.0483087006688867 0.00269467399410491 0.0210647073983991 0.291709206505978 0.246203840698775 0.151464865279388
68 7 68 0.380224669115397 0.273783720671941 0.212252319378178 0.129956852161733 0.0483087006688867 0.00269467399410491 0.0210647073983991 0.291709206505978 0.246203840698775 0.151464865279388
69 7 66 0.380224669115397 0.273783720671941 0.212252319378178 0.129956852161733 0.0483087006688867 0.00269467399410491 0.0210647073983991 0.291709206505978 0.246203840698775 0.151464865279388
70 7 64 0.380224669115397 0.273783720671941 0.212252319378178 0.129956852161733 0.0483087006688867 0.00269467399410491 0.0210647073983991 0.291709206505978 0.246203840698775 0.151464865279388
71 8 73 0.348211382037854 0.220391421281898 0.307128492162387 0.218241048566153 0.13355097260074 0.104405458948065 0.0721355516357712 0.355611676139574 0.304269387558031 0.0489435340466947
72 8 76 0.348211382037854 0.220391421281898 0.307128492162387 0.218241048566153 0.13355097260074 0.104405458948065 0.0721355516357712 0.355611676139574 0.304269387558031 0.0489435340466947
73 8 75 0.348211382037854 0.220391421281898 0.307128492162387 0.218241048566153 0.13355097260074 0.104405458948065 0.0721355516357712 0.355611676139574 0.304269387558031 0.0489435340466947
74 8 73 0.348211382037854 0.220391421281898 0.307128492162387 0.218241048566153 0.13355097260074 0.104405458948065 0.0721355516357712 0.355611676139574 0.304269387558031 0.0489435340466947
75 8 71 0.348211382037854 0.220391421281898 0.307128492162387 0.218241048566153 0.13355097260074 0.104405458948065 0.0721355516357712 0.355611676139574 0.304269387558031 0.0489435340466947
76 8 79 0.348211382037854 0.220391421281898 0.307128492162387 0.218241048566153 0.13355097260074 0.104405458948065 0.0721355516357712 0.355611676139574 0.304269387558031 0.0489435340466947
77 8 71 0.348211382037854 0.220391421281898 0.307128492162387 0.218241048566153 0.13355097260074 0.104405458948065 0.0721355516357712 0.355611676139574 0.304269387558031 0.0489435340466947
78 8 78 0.348211382037854 0.220391421281898 0.307128492162387 0.218241048566153 0.13355097260074 0.104405458948065 0.0721355516357712 0.355611676139574 0.304269387558031 0.0489435340466947
79 8 77 0.348211382037854 0.220391421281898 0.307128492162387 0.218241048566153 0.13355097260074 0.104405458948065 0.0721355516357712 0.355611676139574 0.304269387558031 0.0489435340466947
80 8 66 0.348211382037854 0.220391421281898 0.307128492162387 0.218241048566153 0.13355097260074 0.104405458948065 0.0721355516357712 0.355611676139574 0.304269387558031 0.0489435340466947
81 9 49 0.409093794264055 0.344048652716142 0.0432097876838814 0.0222717449872392 0.0936624589416557 0.177179652348167 0.171755452356281 0.166690712653183 0.134019975351021 0.309352601305803
82 9 55 0.409093794264055 0.344048652716142 0.0432097876838814 0.0222717449872392 0.0936624589416557 0.177179652348167 0.171755452356281 0.166690712653183 0.134019975351021 0.309352601305803
83 9 50 0.409093794264055 0.344048652716142 0.0432097876838814 0.0222717449872392 0.0936624589416557 0.177179652348167 0.171755452356281 0.166690712653183 0.134019975351021 0.309352601305803
84 9 51 0.409093794264055 0.344048652716142 0.0432097876838814 0.0222717449872392 0.0936624589416557 0.177179652348167 0.171755452356281 0.166690712653183 0.134019975351021 0.309352601305803
85 9 57 0.409093794264055 0.344048652716142 0.0432097876838814 0.0222717449872392 0.0936624589416557 0.177179652348167 0.171755452356281 0.166690712653183 0.134019975351021 0.309352601305803
86 9 49 0.409093794264055 0.344048652716142 0.0432097876838814 0.0222717449872392 0.0936624589416557 0.177179652348167 0.171755452356281 0.166690712653183 0.134019975351021 0.309352601305803
87 9 51 0.409093794264055 0.344048652716142 0.0432097876838814 0.0222717449872392 0.0936624589416557 0.177179652348167 0.171755452356281 0.166690712653183 0.134019975351021 0.309352601305803
88 9 49 0.409093794264055 0.344048652716142 0.0432097876838814 0.0222717449872392 0.0936624589416557 0.177179652348167 0.171755452356281 0.166690712653183 0.134019975351021 0.309352601305803
89 9 51 0.409093794264055 0.344048652716142 0.0432097876838814 0.0222717449872392 0.0936624589416557 0.177179652348167 0.171755452356281 0.166690712653183 0.134019975351021 0.309352601305803
90 9 50 0.409093794264055 0.344048652716142 0.0432097876838814 0.0222717449872392 0.0936624589416557 0.177179652348167 0.171755452356281 0.166690712653183 0.134019975351021 0.309352601305803
91 10 29 0.451996393721789 0.433438233023105 0.151264747001841 0.199146411452022 0.260400593037423 0.383535361533741 0.350402986085193 0.0267033168674344 0.00796055522135252 0.499517075308434
92 10 31 0.451996393721789 0.433438233023105 0.151264747001841 0.199146411452022 0.260400593037423 0.383535361533741 0.350402986085193 0.0267033168674344 0.00796055522135252 0.499517075308434
93 10 37 0.451996393721789 0.433438233023105 0.151264747001841 0.199146411452022 0.260400593037423 0.383535361533741 0.350402986085193 0.0267033168674344 0.00796055522135252 0.499517075308434
94 10 27 0.451996393721789 0.433438233023105 0.151264747001841 0.199146411452022 0.260400593037423 0.383535361533741 0.350402986085193 0.0267033168674344 0.00796055522135252 0.499517075308434
95 10 21 0.451996393721789 0.433438233023105 0.151264747001841 0.199146411452022 0.260400593037423 0.383535361533741 0.350402986085193 0.0267033168674344 0.00796055522135252 0.499517075308434
96 10 20 0.451996393721789 0.433438233023105 0.151264747001841 0.199146411452022 0.260400593037423 0.383535361533741 0.350402986085193 0.0267033168674344 0.00796055522135252 0.499517075308434
97 10 43 0.451996393721789 0.433438233023105 0.151264747001841 0.199146411452022 0.260400593037423 0.383535361533741 0.350402986085193 0.0267033168674344 0.00796055522135252 0.499517075308434
98 10 19 0.451996393721789 0.433438233023105 0.151264747001841 0.199146411452022 0.260400593037423 0.383535361533741 0.350402986085193 0.0267033168674344 0.00796055522135252 0.499517075308434
99 10 26 0.451996393721789 0.433438233023105 0.151264747001841 0.199146411452022 0.260400593037423 0.383535361533741 0.350402986085193 0.0267033168674344 0.00796055522135252 0.499517075308434
100 10 45 0.451996393721789 0.433438233023105 0.151264747001841 0.199146411452022 0.260400593037423 0.383535361533741 0.350402986085193 0.0267033168674344 0.00796055522135252 0.499517075308434
101 11 37 0.437962919412713 0.414313584760343 0.125832744010415 0.174500342136211 0.235633618552198 0.35166463070223 0.322446197314162 0.0416722188003875 0.0218361100032667 0.467240337332219
102 11 38 0.437962919412713 0.414313584760343 0.125832744010415 0.174500342136211 0.235633618552198 0.35166463070223 0.322446197314162 0.0416722188003875 0.0218361100032667 0.467240337332219
103 11 39 0.437962919412713 0.414313584760343 0.125832744010415 0.174500342136211 0.235633618552198 0.35166463070223 0.322446197314162 0.0416722188003875 0.0218361100032667 0.467240337332219
104 11 39 0.437962919412713 0.414313584760343 0.125832744010415 0.174500342136211 0.235633618552198 0.35166463070223 0.322446197314162 0.0416722188003875 0.0218361100032667 0.467240337332219
105 11 27 0.437962919412713 0.414313584760343 0.125832744010415 0.174500342136211 0.235633618552198 0.35166463070223 0.322446197314162 0.0416722188003875 0.0218361100032667 0.467240337332219
106 11 32 0.437962919412713 0.414313584760343 0.125832744010415 0.174500342136211 0.235633618552198 0.35166463070223 0.322446197314162 0.0416722188003875 0.0218361100032667 0.467240337332219
107 11 27 0.437962919412713 0.414313584760343 0.125832744010415 0.174500342136211 0.235633618552198 0.35166463070223 0.322446197314162 0.0416722188003875 0.0218361100032667 0.467240337332219
108 11 25 0.437962919412713 0.414313584760343 0.125832744010415 0.174500342136211 0.235633618552198 0.35166463070223 0.322446197314162 0.0416722188003875 0.0218361100032667 0.467240337332219
109 11 35 0.437962919412713 0.414313584760343 0.125832744010415 0.174500342136211 0.235633618552198 0.35166463070223 0.322446197314162 0.0416722188003875 0.0218361100032667 0.467240337332219
110 11 26 0.437962919412713 0.414313584760343 0.125832744010415 0.174500342136211 0.235633618552198 0.35166463070223 0.322446197314162 0.0416722188003875 0.0218361100032667 0.467240337332219
111 12 73 0.322043839415661 0.201005580109655 0.293116221140118 0.210761780681717 0.131826708130591 0.106506045423014 0.0752235896146602 0.333931337703649 0.286121619890118 0.0369109042359631
112 12 56 0.322043839415661 0.201005580109655 0.293116221140118 0.210761780681717 0.131826708130591 0.106506045423014 0.0752235896146602 0.333931337703649 0.286121619890118 0.0369109042359631
113 12 66 0.322043839415661 0.201005580109655 0.293116221140118 0.210761780681717 0.131826708130591 0.106506045423014 0.0752235896146602 0.333931337703649 0.286121619890118 0.0369109042359631
114 12 70 0.322043839415661 0.201005580109655 0.293116221140118 0.210761780681717 0.131826708130591 0.106506045423014 0.0752235896146602 0.333931337703649 0.286121619890118 0.0369109042359631
115 12 63 0.322043839415661 0.201005580109655 0.293116221140118 0.210761780681717 0.131826708130591 0.106506045423014 0.0752235896146602 0.333931337703649 0.286121619890118 0.0369109042359631
116 12 72 0.322043839415661 0.201005580109655 0.293116221140118 0.210761780681717 0.131826708130591 0.106506045423014 0.0752235896146602 0.333931337703649 0.286121619890118 0.0369109042359631
117 12 62 0.322043839415661 0.201005580109655 0.293116221140118 0.210761780681717 0.131826708130591 0.106506045423014 0.0752235896146602 0.333931337703649 0.286121619890118 0.0369109042359631
118 12 72 0.322043839415661 0.201005580109655 0.293116221140118 0.210761780681717 0.131826708130591 0.106506045423014 0.0752235896146602 0.333931337703649 0.286121619890118 0.0369109042359631
119 12 64 0.322043839415661 0.201005580109655 0.293116221140118 0.210761780681717 0.131826708130591 0.106506045423014 0.0752235896146602 0.333931337703649 0.286121619890118 0.0369109042359631
120 12 75 0.322043839415661 0.201005580109655 0.293116221140118 0.210761780681717 0.131826708130591 0.106506045423014 0.0752235896146602 0.333931337703649 0.286121619890118 0.0369109042359631
121 13 61 0.325990177875051 0.216148582974174 0.249104054338761 0.17176972290892 0.0961183851691862 0.0631473741438664 0.0379369081225509 0.299966671935959 0.255807182594691 0.0748787595162255
122 13 64 0.325990177875051 0.216148582974174 0.249104054338761 0.17176972290892 0.0961183851691862 0.0631473741438664 0.0379369081225509 0.299966671935959 0.255807182594691 0.0748787595162255
123 13 70 0.325990177875051 0.216148582974174 0.249104054338761 0.17176972290892 0.0961183851691862 0.0631473741438664 0.0379369081225509 0.299966671935959 0.255807182594691 0.0748787595162255
124 13 57 0.325990177875051 0.216148582974174 0.249104054338761 0.17176972290892 0.0961183851691862 0.0631473741438664 0.0379369081225509 0.299966671935959 0.255807182594691 0.0748787595162255
125 13 65 0.325990177875051 0.216148582974174 0.249104054338761 0.17176972290892 0.0961183851691862 0.0631473741438664 0.0379369081225509 0.299966671935959 0.255807182594691 0.0748787595162255
126 13 70 0.325990177875051 0.216148582974174 0.249104054338761 0.17176972290892 0.0961183851691862 0.0631473741438664 0.0379369081225509 0.299966671935959 0.255807182594691 0.0748787595162255
127 13 62 0.325990177875051 0.216148582974174 0.249104054338761 0.17176972290892 0.0961183851691862 0.0631473741438664 0.0379369081225509 0.299966671935959 0.255807182594691 0.0748787595162255
128 13 68 0.325990177875051 0.216148582974174 0.249104054338761 0.17176972290892 0.0961183851691862 0.0631473741438664 0.0379369081225509 0.299966671935959 0.255807182594691 0.0748787595162255
129 13 55 0.325990177875051 0.216148582974174 0.249104054338761 0.17176972290892 0.0961183851691862 0.0631473741438664 0.0379369081225509 0.299966671935959 0.255807182594691 0.0748787595162255
130 13 74 0.325990177875051 0.216148582974174 0.249104054338761 0.17176972290892 0.0961183851691862 0.0631473741438664 0.0379369081225509 0.299966671935959 0.255807182594691 0.0748787595162255
131 14 9 0.476771653943583 0.511144070044825 0.362035499103663 0.386933706087516 0.433471533606354 0.594584747705659 0.5321714471852 0.133622130053645 0.135392189999029 0.686510793057723
132 14 9 0.476771653943583 0.511144070044825 0.362035499103663 0.386933706087516 0.433471533606354 0.594584747705659 0.5321714471852 0.133622130053645 0.135392189999029 0.686510793057723
133 14 7 0.476771653943583 0.511144070044825 0.362035499103663 0.386933706087516 0.433471533606354 0.594584747705659 0.5321714471852 0.133622130053645 0.135392189999029 0.686510793057723
134 14 10 0.476771653943583 0.511144070044825 0.362035499103663 0.386933706087516 0.433471533606354 0.594584747705659 0.5321714471852 0.133622130053645 0.135392189999029 0.686510793057723
135 14 12 0.476771653943583 0.511144070044825 0.362035499103663 0.386933706087516 0.433471533606354 0.594584747705659 0.5321714471852 0.133622130053645 0.135392189999029 0.686510793057723
136 14 11 0.476771653943583 0.511144070044825 0.362035499103663 0.386933706087516 0.433471533606354 0.594584747705659 0.5321714471852 0.133622130053645 0.135392189999029 0.686510793057723
137 14 10 0.476771653943583 0.511144070044825 0.362035499103663 0.386933706087516 0.433471533606354 0.594584747705659 0.5321714471852 0.133622130053645 0.135392189999029 0.686510793057723
138 14 10 0.476771653943583 0.511144070044825 0.362035499103663 0.386933706087516 0.433471533606354 0.594584747705659 0.5321714471852 0.133622130053645 0.135392189999029 0.686510793057723
139 14 10 0.476771653943583 0.511144070044825 0.362035499103663 0.386933706087516 0.433471533606354 0.594584747705659 0.5321714471852 0.133622130053645 0.135392189999029 0.686510793057723
140 14 13 0.476771653943583 0.511144070044825 0.362035499103663 0.386933706087516 0.433471533606354 0.594584747705659 0.5321714471852 0.133622130053645 0.135392189999029 0.686510793057723
141 15 48 0.345869396639476 0.269279689454735 0.114783607540856 0.0513601893042525 0.0156151257180415 0.0737229031548667 0.0801321017037607 0.199414961933485 0.165718313285607 0.197644198914402
142 15 51 0.345869396639476 0.269279689454735 0.114783607540856 0.0513601893042525 0.0156151257180415 0.0737229031548667 0.0801321017037607 0.199414961933485 0.165718313285607 0.197644198914402
143 15 46 0.345869396639476 0.269279689454735 0.114783607540856 0.0513601893042525 0.0156151257180415 0.0737229031548667 0.0801321017037607 0.199414961933485 0.165718313285607 0.197644198914402
144 15 47 0.345869396639476 0.269279689454735 0.114783607540856 0.0513601893042525 0.0156151257180415 0.0737229031548667 0.0801321017037607 0.199414961933485 0.165718313285607 0.197644198914402
145 15 48 0.345869396639476 0.269279689454735 0.114783607540856 0.0513601893042525 0.0156151257180415 0.0737229031548667 0.0801321017037607 0.199414961933485 0.165718313285607 0.197644198914402
146 15 50 0.345869396639476 0.269279689454735 0.114783607540856 0.0513601893042525 0.0156151257180415 0.0737229031548667 0.0801321017037607 0.199414961933485 0.165718313285607 0.197644198914402
147 15 49 0.345869396639476 0.269279689454735 0.114783607540856 0.0513601893042525 0.0156151257180415 0.0737229031548667 0.0801321017037607 0.199414961933485 0.165718313285607 0.197644198914402
148 15 51 0.345869396639476 0.269279689454735 0.114783607540856 0.0513601893042525 0.0156151257180415 0.0737229031548667 0.0801321017037607 0.199414961933485 0.165718313285607 0.197644198914402
149 15 47 0.345869396639476 0.269279689454735 0.114783607540856 0.0513601893042525 0.0156151257180415 0.0737229031548667 0.0801321017037607 0.199414961933485 0.165718313285607 0.197644198914402
150 15 52 0.345869396639476 0.269279689454735 0.114783607540856 0.0513601893042525 0.0156151257180415 0.0737229031548667 0.0801321017037607 0.199414961933485 0.165718313285607 0.197644198914402
151 16 65 0.277896484025001 0.147352087810129 0.348548119910633 0.26692063988589 0.19057774110707 0.183836034008621 0.143555097856689 0.361184566968366 0.312163844299547 0.0453663188312463
152 16 68 0.277896484025001 0.147352087810129 0.348548119910633 0.26692063988589 0.19057774110707 0.183836034008621 0.143555097856689 0.361184566968366 0.312163844299547 0.0453663188312463
153 16 71 0.277896484025001 0.147352087810129 0.348548119910633 0.26692063988589 0.19057774110707 0.183836034008621 0.143555097856689 0.361184566968366 0.312163844299547 0.0453663188312463
154 16 70 0.277896484025001 0.147352087810129 0.348548119910633 0.26692063988589 0.19057774110707 0.183836034008621 0.143555097856689 0.361184566968366 0.312163844299547 0.0453663188312463
155 16 79 0.277896484025001 0.147352087810129 0.348548119910633 0.26692063988589 0.19057774110707 0.183836034008621 0.143555097856689 0.361184566968366 0.312163844299547 0.0453663188312463
156 16 63 0.277896484025001 0.147352087810129 0.348548119910633 0.26692063988589 0.19057774110707 0.183836034008621 0.143555097856689 0.361184566968366 0.312163844299547 0.0453663188312463
157 16 66 0.277896484025001 0.147352087810129 0.348548119910633 0.26692063988589 0.19057774110707 0.183836034008621 0.143555097856689 0.361184566968366 0.312163844299547 0.0453663188312463
158 16 73 0.277896484025001 0.147352087810129 0.348548119910633 0.26692063988589 0.19057774110707 0.183836034008621 0.143555097856689 0.361184566968366 0.312163844299547 0.0453663188312463
159 16 62 0.277896484025001 0.147352087810129 0.348548119910633 0.26692063988589 0.19057774110707 0.183836034008621 0.143555097856689 0.361184566968366 0.312163844299547 0.0453663188312463
160 16 66 0.277896484025001 0.147352087810129 0.348548119910633 0.26692063988589 0.19057774110707 0.183836034008621 0.143555097856689 0.361184566968366 0.312163844299547 0.0453663188312463
161 17 63 0.287836093407214 0.17391764105041 0.281387896511681 0.206715873083557 0.134710985663456 0.115400895359254 0.0845205929435331 0.310908711967129 0.267119409645006 0.0160164008678421
162 17 59 0.287836093407214 0.17391764105041 0.281387896511681 0.206715873083557 0.134710985663456 0.115400895359254 0.0845205929435331 0.310908711967129 0.267119409645006 0.0160164008678421
163 17 63 0.287836093407214 0.17391764105041 0.281387896511681 0.206715873083557 0.134710985663456 0.115400895359254 0.0845205929435331 0.310908711967129 0.267119409645006 0.0160164008678421
164 17 58 0.287836093407214 0.17391764105041 0.281387896511681 0.206715873083557 0.134710985663456 0.115400895359254 0.0845205929435331 0.310908711967129 0.267119409645006 0.0160164008678421
165 17 61 0.287836093407214 0.17391764105041 0.281387896511681 0.206715873083557 0.134710985663456 0.115400895359254 0.0845205929435331 0.310908711967129 0.267119409645006 0.0160164008678421
166 17 68 0.287836093407214 0.17391764105041 0.281387896511681 0.206715873083557 0.134710985663456 0.115400895359254 0.0845205929435331 0.310908711967129 0.267119409645006 0.0160164008678421
167 17 68 0.287836093407214 0.17391764105041 0.281387896511681 0.206715873083557 0.134710985663456 0.115400895359254 0.0845205929435331 0.310908711967129 0.267119409645006 0.0160164008678421
168 17 63 0.287836093407214 0.17391764105041 0.281387896511681 0.206715873083557 0.134710985663456 0.115400895359254 0.0845205929435331 0.310908711967129 0.267119409645006 0.0160164008678421
169 17 60 0.287836093407214 0.17391764105041 0.281387896511681 0.206715873083557 0.134710985663456 0.115400895359254 0.0845205929435331 0.310908711967129 0.267119409645006 0.0160164008678421
170 17 58 0.287836093407214 0.17391764105041 0.281387896511681 0.206715873083557 0.134710985663456 0.115400895359254 0.0845205929435331 0.310908711967129 0.267119409645006 0.0160164008678421
171 18 54 0.264812712713905 0.137659167224008 0.341541984399499 0.263181005943673 0.189715608871995 0.184886327246095 0.145099116846134 0.350344397750404 0.303089960465591 0.0513826337366121
172 18 57 0.264812712713905 0.137659167224008 0.341541984399499 0.263181005943673 0.189715608871995 0.184886327246095 0.145099116846134 0.350344397750404 0.303089960465591 0.0513826337366121
173 18 55 0.264812712713905 0.137659167224008 0.341541984399499 0.263181005943673 0.189715608871995 0.184886327246095 0.145099116846134 0.350344397750404 0.303089960465591 0.0513826337366121
174 18 69 0.264812712713905 0.137659167224008 0.341541984399499 0.263181005943673 0.189715608871995 0.184886327246095 0.145099116846134 0.350344397750404 0.303089960465591 0.0513826337366121
175 18 67 0.264812712713905 0.137659167224008 0.341541984399499 0.263181005943673 0.189715608871995 0.184886327246095 0.145099116846134 0.350344397750404 0.303089960465591 0.0513826337366121
176 18 70 0.264812712713905 0.137659167224008 0.341541984399499 0.263181005943673 0.189715608871995 0.184886327246095 0.145099116846134 0.350344397750404 0.303089960465591 0.0513826337366121
177 18 78 0.264812712713905 0.137659167224008 0.341541984399499 0.263181005943673 0.189715608871995 0.184886327246095 0.145099116846134 0.350344397750404 0.303089960465591 0.0513826337366121
178 18 64 0.264812712713905 0.137659167224008 0.341541984399499 0.263181005943673 0.189715608871995 0.184886327246095 0.145099116846134 0.350344397750404 0.303089960465591 0.0513826337366121
179 18 54 0.264812712713905 0.137659167224008 0.341541984399499 0.263181005943673 0.189715608871995 0.184886327246095 0.145099116846134 0.350344397750404 0.303089960465591 0.0513826337366121
180 18 61 0.264812712713905 0.137659167224008 0.341541984399499 0.263181005943673 0.189715608871995 0.184886327246095 0.145099116846134 0.350344397750404 0.303089960465591 0.0513826337366121
181 19 49 0.31071194763305 0.23276002271885 0.135493421414979 0.0756999849641213 0.0128982585351232 0.0340076156245891 0.0444223285933018 0.202201407347882 0.169665541656365 0.150489272475432
182 19 51 0.31071194763305 0.23276002271885 0.135493421414979 0.0756999849641213 0.0128982585351232 0.0340076156245891 0.0444223285933018 0.202201407347882 0.169665541656365 0.150489272475432
183 19 47 0.31071194763305 0.23276002271885 0.135493421414979 0.0756999849641213 0.0128982585351232 0.0340076156245891 0.0444223285933018 0.202201407347882 0.169665541656365 0.150489272475432
184 19 52 0.31071194763305 0.23276002271885 0.135493421414979 0.0756999849641213 0.0128982585351232 0.0340076156245891 0.0444223285933018 0.202201407347882 0.169665541656365 0.150489272475432
185 19 53 0.31071194763305 0.23276002271885 0.135493421414979 0.0756999849641213 0.0128982585351232 0.0340076156245891 0.0444223285933018 0.202201407347882 0.169665541656365 0.150489272475432
186 19 45 0.31071194763305 0.23276002271885 0.135493421414979 0.0756999849641213 0.0128982585351232 0.0340076156245891 0.0444223285933018 0.202201407347882 0.169665541656365 0.150489272475432
187 19 55 0.31071194763305 0.23276002271885 0.135493421414979 0.0756999849641213 0.0128982585351232 0.0340076156245891 0.0444223285933018 0.202201407347882 0.169665541656365 0.150489272475432
188 19 44 0.31071194763305 0.23276002271885 0.135493421414979 0.0756999849641213 0.0128982585351232 0.0340076156245891 0.0444223285933018 0.202201407347882 0.169665541656365 0.150489272475432
189 19 50 0.31071194763305 0.23276002271885 0.135493421414979 0.0756999849641213 0.0128982585351232 0.0340076156245891 0.0444223285933018 0.202201407347882 0.169665541656365 0.150489272475432
190 19 49 0.31071194763305 0.23276002271885 0.135493421414979 0.0756999849641213 0.0128982585351232 0.0340076156245891 0.0444223285933018 0.202201407347882 0.169665541656365 0.150489272475432
191 20 43 0.275702025094096 0.173656448140927 0.241943622497986 0.17459053588331 0.108219746708082 0.0856307510026909 0.0596518421513917 0.274259471598251 0.235096087195179 0.0362605090333258
192 20 44 0.275702025094096 0.173656448140927 0.241943622497986 0.17459053588331 0.108219746708082 0.0856307510026909 0.0596518421513917 0.274259471598251 0.235096087195179 0.0362605090333258
193 20 54 0.275702025094096 0.173656448140927 0.241943622497986 0.17459053588331 0.108219746708082 0.0856307510026909 0.0596518421513917 0.274259471598251 0.235096087195179 0.0362605090333258
194 20 63 0.275702025094096 0.173656448140927 0.241943622497986 0.17459053588331 0.108219746708082 0.0856307510026909 0.0596518421513917 0.274259471598251 0.235096087195179 0.0362605090333258
195 20 57 0.275702025094096 0.173656448140927 0.241943622497986 0.17459053588331 0.108219746708082 0.0856307510026909 0.0596518421513917 0.274259471598251 0.235096087195179 0.0362605090333258
196 20 63 0.275702025094096 0.173656448140927 0.241943622497986 0.17459053588331 0.108219746708082 0.0856307510026909 0.0596518421513917 0.274259471598251 0.235096087195179 0.0362605090333258
197 20 62 0.275702025094096 0.173656448140927 0.241943622497986 0.17459053588331 0.108219746708082 0.0856307510026909 0.0596518421513917 0.274259471598251 0.235096087195179 0.0362605090333258
198 20 56 0.275702025094096 0.173656448140927 0.241943622497986 0.17459053588331 0.108219746708082 0.0856307510026909 0.0596518421513917 0.274259471598251 0.235096087195179 0.0362605090333258
199 20 53 0.275702025094096 0.173656448140927 0.241943622497986 0.17459053588331 0.108219746708082 0.0856307510026909 0.0596518421513917 0.274259471598251 0.235096087195179 0.0362605090333258
200 20 51 0.275702025094096 0.173656448140927 0.241943622497986 0.17459053588331 0.108219746708082 0.0856307510026909 0.0596518421513917 0.274259471598251 0.235096087195179 0.0362605090333258
201 21 57 0.276651728092076 0.183088175817567 0.209505483995426 0.14620483262528 0.0825906399877821 0.0548103134086535 0.0332390723698058 0.248450400447335 0.212146648579308 0.0625209321041752
202 21 50 0.276651728092076 0.183088175817567 0.209505483995426 0.14620483262528 0.0825906399877821 0.0548103134086535 0.0332390723698058 0.248450400447335 0.212146648579308 0.0625209321041752
203 21 55 0.276651728092076 0.183088175817567 0.209505483995426 0.14620483262528 0.0825906399877821 0.0548103134086535 0.0332390723698058 0.248450400447335 0.212146648579308 0.0625209321041752
204 21 52 0.276651728092076 0.183088175817567 0.209505483995426 0.14620483262528 0.0825906399877821 0.0548103134086535 0.0332390723698058 0.248450400447335 0.212146648579308 0.0625209321041752
205 21 47 0.276651728092076 0.183088175817567 0.209505483995426 0.14620483262528 0.0825906399877821 0.0548103134086535 0.0332390723698058 0.248450400447335 0.212146648579308 0.0625209321041752
206 21 58 0.276651728092076 0.183088175817567 0.209505483995426 0.14620483262528 0.0825906399877821 0.0548103134086535 0.0332390723698058 0.248450400447335 0.212146648579308 0.0625209321041752
207 21 37 0.276651728092076 0.183088175817567 0.209505483995426 0.14620483262528 0.0825906399877821 0.0548103134086535 0.0332390723698058 0.248450400447335 0.212146648579308 0.0625209321041752
208 21 42 0.276651728092076 0.183088175817567 0.209505483995426 0.14620483262528 0.0825906399877821 0.0548103134086535 0.0332390723698058 0.248450400447335 0.212146648579308 0.0625209321041752
209 21 49 0.276651728092076 0.183088175817567 0.209505483995426 0.14620483262528 0.0825906399877821 0.0548103134086535 0.0332390723698058 0.248450400447335 0.212146648579308 0.0625209321041752
210 21 51 0.276651728092076 0.183088175817567 0.209505483995426 0.14620483262528 0.0825906399877821 0.0548103134086535 0.0332390723698058 0.248450400447335 0.212146648579308 0.0625209321041752
211 22 70 0.208678815477601 0.0611605741729615 0.443269996365203 0.361765283206918 0.288783506812894 0.312369250572141 0.256926271930256 0.410220005482216 0.358592179593248 0.180489585641473
212 22 72 0.208678815477601 0.0611605741729615 0.443269996365203 0.361765283206918 0.288783506812894 0.312369250572141 0.256926271930256 0.410220005482216 0.358592179593248 0.180489585641473
213 22 66 0.208678815477601 0.0611605741729615 0.443269996365203 0.361765283206918 0.288783506812894 0.312369250572141 0.256926271930256 0.410220005482216 0.358592179593248 0.180489585641473
214 22 68 0.208678815477601 0.0611605741729615 0.443269996365203 0.361765283206918 0.288783506812894 0.312369250572141 0.256926271930256 0.410220005482216 0.358592179593248 0.180489585641473
215 22 69 0.208678815477601 0.0611605741729615 0.443269996365203 0.361765283206918 0.288783506812894 0.312369250572141 0.256926271930256 0.410220005482216 0.358592179593248 0.180489585641473
216 22 70 0.208678815477601 0.0611605741729615 0.443269996365203 0.361765283206918 0.288783506812894 0.312369250572141 0.256926271930256 0.410220005482216 0.358592179593248 0.180489585641473
217 22 67 0.208678815477601 0.0611605741729615 0.443269996365203 0.361765283206918 0.288783506812894 0.312369250572141 0.256926271930256 0.410220005482216 0.358592179593248 0.180489585641473
218 22 67 0.208678815477601 0.0611605741729615 0.443269996365203 0.361765283206918 0.288783506812894 0.312369250572141 0.256926271930256 0.410220005482216 0.358592179593248 0.180489585641473
219 22 72 0.208678815477601 0.0611605741729615 0.443269996365203 0.361765283206918 0.288783506812894 0.312369250572141 0.256926271930256 0.410220005482216 0.358592179593248 0.180489585641473
220 22 71 0.208678815477601 0.0611605741729615 0.443269996365203 0.361765283206918 0.288783506812894 0.312369250572141 0.256926271930256 0.410220005482216 0.358592179593248 0.180489585641473
221 23 36 0.302524217779323 0.247641832673888 0.0520369805999268 0.00458258999107677 0.0493013033816554 0.107136431260299 0.106577760877552 0.131587501211314 0.107327781911111 0.208701235921178
222 23 34 0.302524217779323 0.247641832673888 0.0520369805999268 0.00458258999107677 0.0493013033816554 0.107136431260299 0.106577760877552 0.131587501211314 0.107327781911111 0.208701235921178
223 23 35 0.302524217779323 0.247641832673888 0.0520369805999268 0.00458258999107677 0.0493013033816554 0.107136431260299 0.106577760877552 0.131587501211314 0.107327781911111 0.208701235921178
224 23 30 0.302524217779323 0.247641832673888 0.0520369805999268 0.00458258999107677 0.0493013033816554 0.107136431260299 0.106577760877552 0.131587501211314 0.107327781911111 0.208701235921178
225 23 41 0.302524217779323 0.247641832673888 0.0520369805999268 0.00458258999107677 0.0493013033816554 0.107136431260299 0.106577760877552 0.131587501211314 0.107327781911111 0.208701235921178
226 23 31 0.302524217779323 0.247641832673888 0.0520369805999268 0.00458258999107677 0.0493013033816554 0.107136431260299 0.106577760877552 0.131587501211314 0.107327781911111 0.208701235921178
227 23 40 0.302524217779323 0.247641832673888 0.0520369805999268 0.00458258999107677 0.0493013033816554 0.107136431260299 0.106577760877552 0.131587501211314 0.107327781911111 0.208701235921178
228 23 32 0.302524217779323 0.247641832673888 0.0520369805999268 0.00458258999107677 0.0493013033816554 0.107136431260299 0.106577760877552 0.131587501211314 0.107327781911111 0.208701235921178
229 23 24 0.302524217779323 0.247641832673888 0.0520369805999268 0.00458258999107677 0.0493013033816554 0.107136431260299 0.106577760877552 0.131587501211314 0.107327781911111 0.208701235921178
230 23 36 0.302524217779323 0.247641832673888 0.0520369805999268 0.00458258999107677 0.0493013033816554 0.107136431260299 0.106577760877552 0.131587501211314 0.107327781911111 0.208701235921178
231 24 65 0.198591679627915 0.0571789287747198 0.424689832555271 0.347419294749932 0.277842158336714 0.300881310124505 0.247596379209177 0.39122424164748 0.342153297079734 0.174798468337426
232 24 66 0.198591679627915 0.0571789287747198 0.424689832555271 0.347419294749932 0.277842158336714 0.300881310124505 0.247596379209177 0.39122424164748 0.342153297079734 0.174798468337426
233 24 64 0.198591679627915 0.0571789287747198 0.424689832555271 0.347419294749932 0.277842158336714 0.300881310124505 0.247596379209177 0.39122424164748 0.342153297079734 0.174798468337426
234 24 65 0.198591679627915 0.0571789287747198 0.424689832555271 0.347419294749932 0.277842158336714 0.300881310124505 0.247596379209177 0.39122424164748 0.342153297079734 0.174798468337426
235 24 65 0.198591679627915 0.0571789287747198 0.424689832555271 0.347419294749932 0.277842158336714 0.300881310124505 0.247596379209177 0.39122424164748 0.342153297079734 0.174798468337426
236 24 64 0.198591679627915 0.0571789287747198 0.424689832555271 0.347419294749932 0.277842158336714 0.300881310124505 0.247596379209177 0.39122424164748 0.342153297079734 0.174798468337426
237 24 65 0.198591679627915 0.0571789287747198 0.424689832555271 0.347419294749932 0.277842158336714 0.300881310124505 0.247596379209177 0.39122424164748 0.342153297079734 0.174798468337426
238 24 64 0.198591679627915 0.0571789287747198 0.424689832555271 0.347419294749932 0.277842158336714 0.300881310124505 0.247596379209177 0.39122424164748 0.342153297079734 0.174798468337426
239 24 68 0.198591679627915 0.0571789287747198 0.424689832555271 0.347419294749932 0.277842158336714 0.300881310124505 0.247596379209177 0.39122424164748 0.342153297079734 0.174798468337426
240 24 67 0.198591679627915 0.0571789287747198 0.424689832555271 0.347419294749932 0.277842158336714 0.300881310124505 0.247596379209177 0.39122424164748 0.342153297079734 0.174798468337426
241 25 60 0.190551476241661 0.0494768308877187 0.426973778949102 0.350852655036208 0.282450700339729 0.307675573585797 0.253805344559161 0.389881954346885 0.341298854502535 0.183660341894816
242 25 64 0.190551476241661 0.0494768308877187 0.426973778949102 0.350852655036208 0.282450700339729 0.307675573585797 0.253805344559161 0.389881954346885 0.341298854502535 0.183660341894816
243 25 59 0.190551476241661 0.0494768308877187 0.426973778949102 0.350852655036208 0.282450700339729 0.307675573585797 0.253805344559161 0.389881954346885 0.341298854502535 0.183660341894816
244 25 67 0.190551476241661 0.0494768308877187 0.426973778949102 0.350852655036208 0.282450700339729 0.307675573585797 0.253805344559161 0.389881954346885 0.341298854502535 0.183660341894816
245 25 66 0.190551476241661 0.0494768308877187 0.426973778949102 0.350852655036208 0.282450700339729 0.307675573585797 0.253805344559161 0.389881954346885 0.341298854502535 0.183660341894816
246 25 63 0.190551476241661 0.0494768308877187 0.426973778949102 0.350852655036208 0.282450700339729 0.307675573585797 0.253805344559161 0.389881954346885 0.341298854502535 0.183660341894816
247 25 63 0.190551476241661 0.0494768308877187 0.426973778949102 0.350852655036208 0.282450700339729 0.307675573585797 0.253805344559161 0.389881954346885 0.341298854502535 0.183660341894816
248 25 61 0.190551476241661 0.0494768308877187 0.426973778949102 0.350852655036208 0.282450700339729 0.307675573585797 0.253805344559161 0.389881954346885 0.341298854502535 0.183660341894816
249 25 70 0.190551476241661 0.0494768308877187 0.426973778949102 0.350852655036208 0.282450700339729 0.307675573585797 0.253805344559161 0.389881954346885 0.341298854502535 0.183660341894816
250 25 64 0.190551476241661 0.0494768308877187 0.426973778949102 0.350852655036208 0.282450700339729 0.307675573585797 0.253805344559161 0.389881954346885 0.341298854502535 0.183660341894816
251 26 59 0.19150117923964 0.0589085585643582 0.394535640446542 0.322466951778178 0.256821593619429 0.27685513599176 0.227392574777575 0.36407288319597 0.318349415886664 0.157399918823966
252 26 53 0.19150117923964 0.0589085585643582 0.394535640446542 0.322466951778178 0.256821593619429 0.27685513599176 0.227392574777575 0.36407288319597 0.318349415886664 0.157399918823966
253 26 60 0.19150117923964 0.0589085585643582 0.394535640446542 0.322466951778178 0.256821593619429 0.27685513599176 0.227392574777575 0.36407288319597 0.318349415886664 0.157399918823966
254 26 68 0.19150117923964 0.0589085585643582 0.394535640446542 0.322466951778178 0.256821593619429 0.27685513599176 0.227392574777575 0.36407288319597 0.318349415886664 0.157399918823966
255 26 61 0.19150117923964 0.0589085585643582 0.394535640446542 0.322466951778178 0.256821593619429 0.27685513599176 0.227392574777575 0.36407288319597 0.318349415886664 0.157399918823966
256 26 70 0.19150117923964 0.0589085585643582 0.394535640446542 0.322466951778178 0.256821593619429 0.27685513599176 0.227392574777575 0.36407288319597 0.318349415886664 0.157399918823966
257 26 58 0.19150117923964 0.0589085585643582 0.394535640446542 0.322466951778178 0.256821593619429 0.27685513599176 0.227392574777575 0.36407288319597 0.318349415886664 0.157399918823966
258 26 53 0.19150117923964 0.0589085585643582 0.394535640446542 0.322466951778178 0.256821593619429 0.27685513599176 0.227392574777575 0.36407288319597 0.318349415886664 0.157399918823966
259 26 58 0.19150117923964 0.0589085585643582 0.394535640446542 0.322466951778178 0.256821593619429 0.27685513599176 0.227392574777575 0.36407288319597 0.318349415886664 0.157399918823966
260 26 54 0.19150117923964 0.0589085585643582 0.394535640446542 0.322466951778178 0.256821593619429 0.27685513599176 0.227392574777575 0.36407288319597 0.318349415886664 0.157399918823966
261 27 70 0.147501350316454 0.0173288415772054 0.535707926425941 0.453176566241671 0.382380730515702 0.434108203674369 0.364088480653838 0.460597731296661 0.405874957464148 0.306750978894311
262 27 75 0.147501350316454 0.0173288415772054 0.535707926425941 0.453176566241671 0.382380730515702 0.434108203674369 0.364088480653838 0.460597731296661 0.405874957464148 0.306750978894311
263 27 73 0.147501350316454 0.0173288415772054 0.535707926425941 0.453176566241671 0.382380730515702 0.434108203674369 0.364088480653838 0.460597731296661 0.405874957464148 0.306750978894311
264 27 67 0.147501350316454 0.0173288415772054 0.535707926425941 0.453176566241671 0.382380730515702 0.434108203674369 0.364088480653838 0.460597731296661 0.405874957464148 0.306750978894311
265 27 73 0.147501350316454 0.0173288415772054 0.535707926425941 0.453176566241671 0.382380730515702 0.434108203674369 0.364088480653838 0.460597731296661 0.405874957464148 0.306750978894311
266 27 76 0.147501350316454 0.0173288415772054 0.535707926425941 0.453176566241671 0.382380730515702 0.434108203674369 0.364088480653838 0.460597731296661 0.405874957464148 0.306750978894311
267 27 59 0.147501350316454 0.0173288415772054 0.535707926425941 0.453176566241671 0.382380730515702 0.434108203674369 0.364088480653838 0.460597731296661 0.405874957464148 0.306750978894311
268 27 73 0.147501350316454 0.0173288415772054 0.535707926425941 0.453176566241671 0.382380730515702 0.434108203674369 0.364088480653838 0.460597731296661 0.405874957464148 0.306750978894311
269 27 80 0.147501350316454 0.0173288415772054 0.535707926425941 0.453176566241671 0.382380730515702 0.434108203674369 0.364088480653838 0.460597731296661 0.405874957464148 0.306750978894311
270 27 67 0.147501350316454 0.0173288415772054 0.535707926425941 0.453176566241671 0.382380730515702 0.434108203674369 0.364088480653838 0.460597731296661 0.405874957464148 0.306750978894311
271 28 46 0.229360210772532 0.1463073161722 0.190771023855854 0.138419291084902 0.0846127852855726 0.0647554565823681 0.0440800946881233 0.214587605492853 0.184070554500239 0.0356101138306884
272 28 36 0.229360210772532 0.1463073161722 0.190771023855854 0.138419291084902 0.0846127852855726 0.0647554565823681 0.0440800946881233 0.214587605492853 0.184070554500239 0.0356101138306884
273 28 43 0.229360210772532 0.1463073161722 0.190771023855854 0.138419291084902 0.0846127852855726 0.0647554565823681 0.0440800946881233 0.214587605492853 0.184070554500239 0.0356101138306884
274 28 36 0.229360210772532 0.1463073161722 0.190771023855854 0.138419291084902 0.0846127852855726 0.0647554565823681 0.0440800946881233 0.214587605492853 0.184070554500239 0.0356101138306884
275 28 44 0.229360210772532 0.1463073161722 0.190771023855854 0.138419291084902 0.0846127852855726 0.0647554565823681 0.0440800946881233 0.214587605492853 0.184070554500239 0.0356101138306884
276 28 43 0.229360210772532 0.1463073161722 0.190771023855854 0.138419291084902 0.0846127852855726 0.0647554565823681 0.0440800946881233 0.214587605492853 0.184070554500239 0.0356101138306884
277 28 38 0.229360210772532 0.1463073161722 0.190771023855854 0.138419291084902 0.0846127852855726 0.0647554565823681 0.0440800946881233 0.214587605492853 0.184070554500239 0.0356101138306884
278 28 39 0.229360210772532 0.1463073161722 0.190771023855854 0.138419291084902 0.0846127852855726 0.0647554565823681 0.0440800946881233 0.214587605492853 0.184070554500239 0.0356101138306884
279 28 40 0.229360210772532 0.1463073161722 0.190771023855854 0.138419291084902 0.0846127852855726 0.0647554565823681 0.0440800946881233 0.214587605492853 0.184070554500239 0.0356101138306884
280 28 41 0.229360210772532 0.1463073161722 0.190771023855854 0.138419291084902 0.0846127852855726 0.0647554565823681 0.0440800946881233 0.214587605492853 0.184070554500239 0.0356101138306884
281 29 7 0.335192154919898 0.355633675424647 0.246758105104611 0.261188820190012 0.293788889873396 0.404903159990511 0.362919584961778 0.0966672772451444 0.0966538379001265 0.471630664230991
285 29 6 0.335192154919898 0.355633675424647 0.246758105104611 0.261188820190012 0.293788889873396 0.404903159990511 0.362919584961778 0.0966672772451444 0.0966538379001265 0.471630664230991
286 29 0 0.335192154919898 0.355633675424647 0.246758105104611 0.261188820190012 0.293788889873396 0.404903159990511 0.362919584961778 0.0966672772451444 0.0966538379001265 0.471630664230991
289 29 19 0.335192154919898 0.355633675424647 0.246758105104611 0.261188820190012 0.293788889873396 0.404903159990511 0.362919584961778 0.0966672772451444 0.0966538379001265 0.471630664230991
291 30 29 0.216276439461435 0.136614395586078 0.183764888344719 0.134679657142684 0.0837506530504979 0.0658057498198424 0.0456241136775678 0.203747436274891 0.174996670666282 0.0295937989253225
292 30 34 0.216276439461435 0.136614395586078 0.183764888344719 0.134679657142684 0.0837506530504979 0.0658057498198424 0.0456241136775678 0.203747436274891 0.174996670666282 0.0295937989253225
293 30 33 0.216276439461435 0.136614395586078 0.183764888344719 0.134679657142684 0.0837506530504979 0.0658057498198424 0.0456241136775678 0.203747436274891 0.174996670666282 0.0295937989253225
294 30 33 0.216276439461435 0.136614395586078 0.183764888344719 0.134679657142684 0.0837506530504979 0.0658057498198424 0.0456241136775678 0.203747436274891 0.174996670666282 0.0295937989253225
295 30 38 0.216276439461435 0.136614395586078 0.183764888344719 0.134679657142684 0.0837506530504979 0.0658057498198424 0.0456241136775678 0.203747436274891 0.174996670666282 0.0295937989253225
296 30 31 0.216276439461435 0.136614395586078 0.183764888344719 0.134679657142684 0.0837506530504979 0.0658057498198424 0.0456241136775678 0.203747436274891 0.174996670666282 0.0295937989253225
297 30 45 0.216276439461435 0.136614395586078 0.183764888344719 0.134679657142684 0.0837506530504979 0.0658057498198424 0.0456241136775678 0.203747436274891 0.174996670666282 0.0295937989253225
298 30 42 0.216276439461435 0.136614395586078 0.183764888344719 0.134679657142684 0.0837506530504979 0.0658057498198424 0.0456241136775678 0.203747436274891 0.174996670666282 0.0295937989253225
299 30 36 0.216276439461435 0.136614395586078 0.183764888344719 0.134679657142684 0.0837506530504979 0.0658057498198424 0.0456241136775678 0.203747436274891 0.174996670666282 0.0295937989253225
300 30 29 0.216276439461435 0.136614395586078 0.183764888344719 0.134679657142684 0.0837506530504979 0.0658057498198424 0.0456241136775678 0.203747436274891 0.174996670666282 0.0295937989253225
301 31 48 0.157293433231193 0.0318206195051133 0.382807315818105 0.318421044180018 0.259705871152295 0.285749985928 0.236689578106448 0.34105025745945 0.299347205641551 0.178294422192087
302 31 52 0.157293433231193 0.0318206195051133 0.382807315818105 0.318421044180018 0.259705871152295 0.285749985928 0.236689578106448 0.34105025745945 0.299347205641551 0.178294422192087
303 31 55 0.157293433231193 0.0318206195051133 0.382807315818105 0.318421044180018 0.259705871152295 0.285749985928 0.236689578106448 0.34105025745945 0.299347205641551 0.178294422192087
304 31 59 0.157293433231193 0.0318206195051133 0.382807315818105 0.318421044180018 0.259705871152295 0.285749985928 0.236689578106448 0.34105025745945 0.299347205641551 0.178294422192087
305 31 57 0.157293433231193 0.0318206195051133 0.382807315818105 0.318421044180018 0.259705871152295 0.285749985928 0.236689578106448 0.34105025745945 0.299347205641551 0.178294422192087
306 31 54 0.157293433231193 0.0318206195051133 0.382807315818105 0.318421044180018 0.259705871152295 0.285749985928 0.236689578106448 0.34105025745945 0.299347205641551 0.178294422192087
307 31 60 0.157293433231193 0.0318206195051133 0.382807315818105 0.318421044180018 0.259705871152295 0.285749985928 0.236689578106448 0.34105025745945 0.299347205641551 0.178294422192087
308 31 49 0.157293433231193 0.0318206195051133 0.382807315818105 0.318421044180018 0.259705871152295 0.285749985928 0.236689578106448 0.34105025745945 0.299347205641551 0.178294422192087
309 31 48 0.157293433231193 0.0318206195051133 0.382807315818105 0.318421044180018 0.259705871152295 0.285749985928 0.236689578106448 0.34105025745945 0.299347205641551 0.178294422192087
310 31 51 0.157293433231193 0.0318206195051133 0.382807315818105 0.318421044180018 0.259705871152295 0.285749985928 0.236689578106448 0.34105025745945 0.299347205641551 0.178294422192087
311 32 68 0.107300333385185 0.0558393310122108 0.547127658395098 0.470343367673047 0.405423440530777 0.468079520980829 0.395133307403758 0.453886294793689 0.401602744578149 0.351060346681258
312 32 76 0.107300333385185 0.0558393310122108 0.547127658395098 0.470343367673047 0.405423440530777 0.468079520980829 0.395133307403758 0.453886294793689 0.401602744578149 0.351060346681258
313 32 68 0.107300333385185 0.0558393310122108 0.547127658395098 0.470343367673047 0.405423440530777 0.468079520980829 0.395133307403758 0.453886294793689 0.401602744578149 0.351060346681258
314 32 69 0.107300333385185 0.0558393310122108 0.547127658395098 0.470343367673047 0.405423440530777 0.468079520980829 0.395133307403758 0.453886294793689 0.401602744578149 0.351060346681258
315 32 64 0.107300333385185 0.0558393310122108 0.547127658395098 0.470343367673047 0.405423440530777 0.468079520980829 0.395133307403758 0.453886294793689 0.401602744578149 0.351060346681258
316 32 65 0.107300333385185 0.0558393310122108 0.547127658395098 0.470343367673047 0.405423440530777 0.468079520980829 0.395133307403758 0.453886294793689 0.401602744578149 0.351060346681258
317 32 64 0.107300333385185 0.0558393310122108 0.547127658395098 0.470343367673047 0.405423440530777 0.468079520980829 0.395133307403758 0.453886294793689 0.401602744578149 0.351060346681258
318 32 60 0.107300333385185 0.0558393310122108 0.547127658395098 0.470343367673047 0.405423440530777 0.468079520980829 0.395133307403758 0.453886294793689 0.401602744578149 0.351060346681258
319 32 73 0.107300333385185 0.0558393310122108 0.547127658395098 0.470343367673047 0.405423440530777 0.468079520980829 0.395133307403758 0.453886294793689 0.401602744578149 0.351060346681258
320 32 67 0.107300333385185 0.0558393310122108 0.547127658395098 0.470343367673047 0.405423440530777 0.468079520980829 0.395133307403758 0.453886294793689 0.401602744578149 0.351060346681258
321 33 24 0.213132277532551 0.153487028240236 0.109598529434633 0.0707352563981328 0.0270217653718091 0.00157909559204999 0.0118663722461435 0.142631412055691 0.120878352177784 0.0849602037190451
322 33 16 0.213132277532551 0.153487028240236 0.109598529434633 0.0707352563981328 0.0270217653718091 0.00157909559204999 0.0118663722461435 0.142631412055691 0.120878352177784 0.0849602037190451
323 33 24 0.213132277532551 0.153487028240236 0.109598529434633 0.0707352563981328 0.0270217653718091 0.00157909559204999 0.0118663722461435 0.142631412055691 0.120878352177784 0.0849602037190451
324 33 27 0.213132277532551 0.153487028240236 0.109598529434633 0.0707352563981328 0.0270217653718091 0.00157909559204999 0.0118663722461435 0.142631412055691 0.120878352177784 0.0849602037190451
325 33 28 0.213132277532551 0.153487028240236 0.109598529434633 0.0707352563981328 0.0270217653718091 0.00157909559204999 0.0118663722461435 0.142631412055691 0.120878352177784 0.0849602037190451
326 33 23 0.213132277532551 0.153487028240236 0.109598529434633 0.0707352563981328 0.0270217653718091 0.00157909559204999 0.0118663722461435 0.142631412055691 0.120878352177784 0.0849602037190451
327 33 37 0.213132277532551 0.153487028240236 0.109598529434633 0.0707352563981328 0.0270217653718091 0.00157909559204999 0.0118663722461435 0.142631412055691 0.120878352177784 0.0849602037190451
328 33 22 0.213132277532551 0.153487028240236 0.109598529434633 0.0707352563981328 0.0270217653718091 0.00157909559204999 0.0118663722461435 0.142631412055691 0.120878352177784 0.0849602037190451
329 33 29 0.213132277532551 0.153487028240236 0.109598529434633 0.0707352563981328 0.0270217653718091 0.00157909559204999 0.0118663722461435 0.142631412055691 0.120878352177784 0.0849602037190451
330 33 32 0.213132277532551 0.153487028240236 0.109598529434633 0.0707352563981328 0.0270217653718091 0.00157909559204999 0.0118663722461435 0.142631412055691 0.120878352177784 0.0849602037190451
331 34 47 0.151152635840898 0.0429819769713914 0.320214985206815 0.265082997950234 0.213056199714711 0.230903374201218 0.19007300389326 0.288089827857025 0.25259388583261 0.134635449607778
332 34 50 0.151152635840898 0.0429819769713914 0.320214985206815 0.265082997950234 0.213056199714711 0.230903374201218 0.19007300389326 0.288089827857025 0.25259388583261 0.134635449607778
333 34 32 0.151152635840898 0.0429819769713914 0.320214985206815 0.265082997950234 0.213056199714711 0.230903374201218 0.19007300389326 0.288089827857025 0.25259388583261 0.134635449607778
334 34 44 0.151152635840898 0.0429819769713914 0.320214985206815 0.265082997950234 0.213056199714711 0.230903374201218 0.19007300389326 0.288089827857025 0.25259388583261 0.134635449607778
335 34 46 0.151152635840898 0.0429819769713914 0.320214985206815 0.265082997950234 0.213056199714711 0.230903374201218 0.19007300389326 0.288089827857025 0.25259388583261 0.134635449607778
336 34 45 0.151152635840898 0.0429819769713914 0.320214985206815 0.265082997950234 0.213056199714711 0.230903374201218 0.19007300389326 0.288089827857025 0.25259388583261 0.134635449607778
337 34 46 0.151152635840898 0.0429819769713914 0.320214985206815 0.265082997950234 0.213056199714711 0.230903374201218 0.19007300389326 0.288089827857025 0.25259388583261 0.134635449607778
338 34 47 0.151152635840898 0.0429819769713914 0.320214985206815 0.265082997950234 0.213056199714711 0.230903374201218 0.19007300389326 0.288089827857025 0.25259388583261 0.134635449607778
339 34 48 0.151152635840898 0.0429819769713914 0.320214985206815 0.265082997950234 0.213056199714711 0.230903374201218 0.19007300389326 0.288089827857025 0.25259388583261 0.134635449607778
340 34 44 0.151152635840898 0.0429819769713914 0.320214985206815 0.265082997950234 0.213056199714711 0.230903374201218 0.19007300389326 0.288089827857025 0.25259388583261 0.134635449607778
341 35 42 0.152102338838877 0.0524137046480309 0.287776846704255 0.236697294692205 0.187427092994411 0.20008293660718 0.163660234111674 0.262280756706109 0.229644447216739 0.108375026536928
342 35 41 0.152102338838877 0.0524137046480309 0.287776846704255 0.236697294692205 0.187427092994411 0.20008293660718 0.163660234111674 0.262280756706109 0.229644447216739 0.108375026536928
343 35 43 0.152102338838877 0.0524137046480309 0.287776846704255 0.236697294692205 0.187427092994411 0.20008293660718 0.163660234111674 0.262280756706109 0.229644447216739 0.108375026536928
344 35 39 0.152102338838877 0.0524137046480309 0.287776846704255 0.236697294692205 0.187427092994411 0.20008293660718 0.163660234111674 0.262280756706109 0.229644447216739 0.108375026536928
345 35 37 0.152102338838877 0.0524137046480309 0.287776846704255 0.236697294692205 0.187427092994411 0.20008293660718 0.163660234111674 0.262280756706109 0.229644447216739 0.108375026536928
346 35 43 0.152102338838877 0.0524137046480309 0.287776846704255 0.236697294692205 0.187427092994411 0.20008293660718 0.163660234111674 0.262280756706109 0.229644447216739 0.108375026536928
347 35 37 0.152102338838877 0.0524137046480309 0.287776846704255 0.236697294692205 0.187427092994411 0.20008293660718 0.163660234111674 0.262280756706109 0.229644447216739 0.108375026536928
348 35 47 0.152102338838877 0.0524137046480309 0.287776846704255 0.236697294692205 0.187427092994411 0.20008293660718 0.163660234111674 0.262280756706109 0.229644447216739 0.108375026536928
349 35 40 0.152102338838877 0.0524137046480309 0.287776846704255 0.236697294692205 0.187427092994411 0.20008293660718 0.163660234111674 0.262280756706109 0.229644447216739 0.108375026536928
350 35 37 0.152102338838877 0.0524137046480309 0.287776846704255 0.236697294692205 0.187427092994411 0.20008293660718 0.163660234111674 0.262280756706109 0.229644447216739 0.108375026536928
351 36 27 0.168035219143912 0.0904018082640716 0.197468566707708 0.155279818860335 0.111401905068588 0.106571330587594 0.0828779057774713 0.195693712471324 0.169870015203084 0.0235774424190138
352 36 29 0.168035219143912 0.0904018082640716 0.197468566707708 0.155279818860335 0.111401905068588 0.106571330587594 0.0828779057774713 0.195693712471324 0.169870015203084 0.0235774424190138
353 36 20 0.168035219143912 0.0904018082640716 0.197468566707708 0.155279818860335 0.111401905068588 0.106571330587594 0.0828779057774713 0.195693712471324 0.169870015203084 0.0235774424190138
354 36 25 0.168035219143912 0.0904018082640716 0.197468566707708 0.155279818860335 0.111401905068588 0.106571330587594 0.0828779057774713 0.195693712471324 0.169870015203084 0.0235774424190138
355 36 24 0.168035219143912 0.0904018082640716 0.197468566707708 0.155279818860335 0.111401905068588 0.106571330587594 0.0828779057774713 0.195693712471324 0.169870015203084 0.0235774424190138
356 36 30 0.168035219143912 0.0904018082640716 0.197468566707708 0.155279818860335 0.111401905068588 0.106571330587594 0.0828779057774713 0.195693712471324 0.169870015203084 0.0235774424190138
357 36 41 0.168035219143912 0.0904018082640716 0.197468566707708 0.155279818860335 0.111401905068588 0.106571330587594 0.0828779057774713 0.195693712471324 0.169870015203084 0.0235774424190138
358 36 45 0.168035219143912 0.0904018082640716 0.197468566707708 0.155279818860335 0.111401905068588 0.106571330587594 0.0828779057774713 0.195693712471324 0.169870015203084 0.0235774424190138
359 36 32 0.168035219143912 0.0904018082640716 0.197468566707708 0.155279818860335 0.111401905068588 0.106571330587594 0.0828779057774713 0.195693712471324 0.169870015203084 0.0235774424190138
360 36 37 0.168035219143912 0.0904018082640716 0.197468566707708 0.155279818860335 0.111401905068588 0.106571330587594 0.0828779057774713 0.195693712471324 0.169870015203084 0.0235774424190138
361 37 19 0.195954641294591 0.151235012631633 0.0608641735159722 0.0314369249693927 0.004940147821655 0.0370932101724309 0.0414000693988243 0.0964842897694447 0.0806355884712002 0.108049870536552
362 37 18 0.195954641294591 0.151235012631633 0.0608641735159722 0.0314369249693927 0.004940147821655 0.0370932101724309 0.0414000693988243 0.0964842897694447 0.0806355884712002 0.108049870536552
363 37 16 0.195954641294591 0.151235012631633 0.0608641735159722 0.0314369249693927 0.004940147821655 0.0370932101724309 0.0414000693988243 0.0964842897694447 0.0806355884712002 0.108049870536552
364 37 21 0.195954641294591 0.151235012631633 0.0608641735159722 0.0314369249693927 0.004940147821655 0.0370932101724309 0.0414000693988243 0.0964842897694447 0.0806355884712002 0.108049870536552
365 37 23 0.195954641294591 0.151235012631633 0.0608641735159722 0.0314369249693927 0.004940147821655 0.0370932101724309 0.0414000693988243 0.0964842897694447 0.0806355884712002 0.108049870536552
366 37 12 0.195954641294591 0.151235012631633 0.0608641735159722 0.0314369249693927 0.004940147821655 0.0370932101724309 0.0414000693988243 0.0964842897694447 0.0806355884712002 0.108049870536552
367 37 20 0.195954641294591 0.151235012631633 0.0608641735159722 0.0314369249693927 0.004940147821655 0.0370932101724309 0.0414000693988243 0.0964842897694447 0.0806355884712002 0.108049870536552
368 37 17 0.195954641294591 0.151235012631633 0.0608641735159722 0.0314369249693927 0.004940147821655 0.0370932101724309 0.0414000693988243 0.0964842897694447 0.0806355884712002 0.108049870536552
369 37 20 0.195954641294591 0.151235012631633 0.0608641735159722 0.0314369249693927 0.004940147821655 0.0370932101724309 0.0414000693988243 0.0964842897694447 0.0806355884712002 0.108049870536552
370 37 17 0.195954641294591 0.151235012631633 0.0608641735159722 0.0314369249693927 0.004940147821655 0.0370932101724309 0.0414000693988243 0.0964842897694447 0.0806355884712002 0.108049870536552
371 38 34 0.142964905987171 0.0578637869264288 0.236758544391763 0.19396560297719 0.150856637797932 0.157774558565508 0.127917571609009 0.217475921720457 0.190256126087355 0.0764234861620314
372 38 21 0.142964905987171 0.0578637869264288 0.236758544391763 0.19396560297719 0.150856637797932 0.157774558565508 0.127917571609009 0.217475921720457 0.190256126087355 0.0764234861620314
373 38 25 0.142964905987171 0.0578637869264288 0.236758544391763 0.19396560297719 0.150856637797932 0.157774558565508 0.127917571609009 0.217475921720457 0.190256126087355 0.0764234861620314
374 38 26 0.142964905987171 0.0578637869264288 0.236758544391763 0.19396560297719 0.150856637797932 0.157774558565508 0.127917571609009 0.217475921720457 0.190256126087355 0.0764234861620314
375 38 43 0.142964905987171 0.0578637869264288 0.236758544391763 0.19396560297719 0.150856637797932 0.157774558565508 0.127917571609009 0.217475921720457 0.190256126087355 0.0764234861620314
376 38 27 0.142964905987171 0.0578637869264288 0.236758544391763 0.19396560297719 0.150856637797932 0.157774558565508 0.127917571609009 0.217475921720457 0.190256126087355 0.0764234861620314
377 38 27 0.142964905987171 0.0578637869264288 0.236758544391763 0.19396560297719 0.150856637797932 0.157774558565508 0.127917571609009 0.217475921720457 0.190256126087355 0.0764234861620314
378 38 43 0.142964905987171 0.0578637869264288 0.236758544391763 0.19396560297719 0.150856637797932 0.157774558565508 0.127917571609009 0.217475921720457 0.190256126087355 0.0764234861620314
379 38 23 0.142964905987171 0.0578637869264288 0.236758544391763 0.19396560297719 0.150856637797932 0.157774558565508 0.127917571609009 0.217475921720457 0.190256126087355 0.0764234861620314
380 38 47 0.142964905987171 0.0578637869264288 0.236758544391763 0.19396560297719 0.150856637797932 0.157774558565508 0.127917571609009 0.217475921720457 0.190256126087355 0.0764234861620314
381 39 21 0.158897786292205 0.0958518905424695 0.146450264395216 0.11254812714532 0.0748314498721087 0.0642629525459214 0.0471352432748066 0.150888877485672 0.1304816940737 0.00837409795588285
382 39 24 0.158897786292205 0.0958518905424695 0.146450264395216 0.11254812714532 0.0748314498721087 0.0642629525459214 0.0471352432748066 0.150888877485672 0.1304816940737 0.00837409795588285
383 39 20 0.158897786292205 0.0958518905424695 0.146450264395216 0.11254812714532 0.0748314498721087 0.0642629525459214 0.0471352432748066 0.150888877485672 0.1304816940737 0.00837409795588285
384 39 18 0.158897786292205 0.0958518905424695 0.146450264395216 0.11254812714532 0.0748314498721087 0.0642629525459214 0.0471352432748066 0.150888877485672 0.1304816940737 0.00837409795588285
385 39 20 0.158897786292205 0.0958518905424695 0.146450264395216 0.11254812714532 0.0748314498721087 0.0642629525459214 0.0471352432748066 0.150888877485672 0.1304816940737 0.00837409795588285
386 39 19 0.158897786292205 0.0958518905424695 0.146450264395216 0.11254812714532 0.0748314498721087 0.0642629525459214 0.0471352432748066 0.150888877485672 0.1304816940737 0.00837409795588285
387 39 19 0.158897786292205 0.0958518905424695 0.146450264395216 0.11254812714532 0.0748314498721087 0.0642629525459214 0.0471352432748066 0.150888877485672 0.1304816940737 0.00837409795588285
388 39 25 0.158897786292205 0.0958518905424695 0.146450264395216 0.11254812714532 0.0748314498721087 0.0642629525459214 0.0471352432748066 0.150888877485672 0.1304816940737 0.00837409795588285
389 39 23 0.158897786292205 0.0958518905424695 0.146450264395216 0.11254812714532 0.0748314498721087 0.0642629525459214 0.0471352432748066 0.150888877485672 0.1304816940737 0.00837409795588285
390 39 21 0.158897786292205 0.0958518905424695 0.146450264395216 0.11254812714532 0.0748314498721087 0.0642629525459214 0.0471352432748066 0.150888877485672 0.1304816940737 0.00837409795588285
391 40 82 0.0109607320102453 0.220259067490063 0.7737317389241 0.688724631229075 0.623717668894784 0.748121835003141 0.640535440993048 0.589948699490861 0.527337180192577 0.632689114909806
392 40 75 0.0109607320102453 0.220259067490063 0.7737317389241 0.688724631229075 0.623717668894784 0.748121835003141 0.640535440993048 0.589948699490861 0.527337180192577 0.632689114909806
393 40 81 0.0109607320102453 0.220259067490063 0.7737317389241 0.688724631229075 0.623717668894784 0.748121835003141 0.640535440993048 0.589948699490861 0.527337180192577 0.632689114909806
394 40 75 0.0109607320102453 0.220259067490063 0.7737317389241 0.688724631229075 0.623717668894784 0.748121835003141 0.640535440993048 0.589948699490861 0.527337180192577 0.632689114909806
395 40 80 0.0109607320102453 0.220259067490063 0.7737317389241 0.688724631229075 0.623717668894784 0.748121835003141 0.640535440993048 0.589948699490861 0.527337180192577 0.632689114909806
396 40 78 0.0109607320102453 0.220259067490063 0.7737317389241 0.688724631229075 0.623717668894784 0.748121835003141 0.640535440993048 0.589948699490861 0.527337180192577 0.632689114909806
397 40 68 0.0109607320102453 0.220259067490063 0.7737317389241 0.688724631229075 0.623717668894784 0.748121835003141 0.640535440993048 0.589948699490861 0.527337180192577 0.632689114909806
398 40 62 0.0109607320102453 0.220259067490063 0.7737317389241 0.688724631229075 0.623717668894784 0.748121835003141 0.640535440993048 0.589948699490861 0.527337180192577 0.632689114909806
399 40 77 0.0109607320102453 0.220259067490063 0.7737317389241 0.688724631229075 0.623717668894784 0.748121835003141 0.640535440993048 0.589948699490861 0.527337180192577 0.632689114909806
400 40 73 0.0109607320102453 0.220259067490063 0.7737317389241 0.688724631229075 0.623717668894784 0.748121835003141 0.640535440993048 0.589948699490861 0.527337180192577 0.632689114909806
401 41 42 0.0918745766757098 0.0166439834254964 0.347776638262432 0.299722874468929 0.255395209976921 0.291001452115371 0.24440967305367 0.286849411369638 0.253977786471769 0.208375996718916
402 41 40 0.0918745766757098 0.0166439834254964 0.347776638262432 0.299722874468929 0.255395209976921 0.291001452115371 0.24440967305367 0.286849411369638 0.253977786471769 0.208375996718916
403 41 38 0.0918745766757098 0.0166439834254964 0.347776638262432 0.299722874468929 0.255395209976921 0.291001452115371 0.24440967305367 0.286849411369638 0.253977786471769 0.208375996718916
404 41 33 0.0918745766757098 0.0166439834254964 0.347776638262432 0.299722874468929 0.255395209976921 0.291001452115371 0.24440967305367 0.286849411369638 0.253977786471769 0.208375996718916
405 41 43 0.0918745766757098 0.0166439834254964 0.347776638262432 0.299722874468929 0.255395209976921 0.291001452115371 0.24440967305367 0.286849411369638 0.253977786471769 0.208375996718916
406 41 38 0.0918745766757098 0.0166439834254964 0.347776638262432 0.299722874468929 0.255395209976921 0.291001452115371 0.24440967305367 0.286849411369638 0.253977786471769 0.208375996718916
407 41 36 0.0918745766757098 0.0166439834254964 0.347776638262432 0.299722874468929 0.255395209976921 0.291001452115371 0.24440967305367 0.286849411369638 0.253977786471769 0.208375996718916
408 41 37 0.0918745766757098 0.0166439834254964 0.347776638262432 0.299722874468929 0.255395209976921 0.291001452115371 0.24440967305367 0.286849411369638 0.253977786471769 0.208375996718916
409 41 38 0.0918745766757098 0.0166439834254964 0.347776638262432 0.299722874468929 0.255395209976921 0.291001452115371 0.24440967305367 0.286849411369638 0.253977786471769 0.208375996718916
410 41 39 0.0918745766757098 0.0166439834254964 0.347776638262432 0.299722874468929 0.255395209976921 0.291001452115371 0.24440967305367 0.286849411369638 0.253977786471769 0.208375996718916
411 42 63 0.00306805509146465 0.189973061761024 0.685707405321385 0.61074051568348 0.552301022971976 0.661404492444846 0.56596207800883 0.522019367955482 0.466708305601722 0.556753404349281
412 42 65 0.00306805509146465 0.189973061761024 0.685707405321385 0.61074051568348 0.552301022971976 0.661404492444846 0.56596207800883 0.522019367955482 0.466708305601722 0.556753404349281
413 42 68 0.00306805509146465 0.189973061761024 0.685707405321385 0.61074051568348 0.552301022971976 0.661404492444846 0.56596207800883 0.522019367955482 0.466708305601722 0.556753404349281
414 42 65 0.00306805509146465 0.189973061761024 0.685707405321385 0.61074051568348 0.552301022971976 0.661404492444846 0.56596207800883 0.522019367955482 0.466708305601722 0.556753404349281
415 42 64 0.00306805509146465 0.189973061761024 0.685707405321385 0.61074051568348 0.552301022971976 0.661404492444846 0.56596207800883 0.522019367955482 0.466708305601722 0.556753404349281
416 42 65 0.00306805509146465 0.189973061761024 0.685707405321385 0.61074051568348 0.552301022971976 0.661404492444846 0.56596207800883 0.522019367955482 0.466708305601722 0.556753404349281
417 42 66 0.00306805509146465 0.189973061761024 0.685707405321385 0.61074051568348 0.552301022971976 0.661404492444846 0.56596207800883 0.522019367955482 0.466708305601722 0.556753404349281
418 42 66 0.00306805509146465 0.189973061761024 0.685707405321385 0.61074051568348 0.552301022971976 0.661404492444846 0.56596207800883 0.522019367955482 0.466708305601722 0.556753404349281
419 42 69 0.00306805509146465 0.189973061761024 0.685707405321385 0.61074051568348 0.552301022971976 0.661404492444846 0.56596207800883 0.522019367955482 0.466708305601722 0.556753404349281
420 42 66 0.00306805509146465 0.189973061761024 0.685707405321385 0.61074051568348 0.552301022971976 0.661404492444846 0.56596207800883 0.522019367955482 0.466708305601722 0.556753404349281
421 43 59 0.00687155429074778 0.163407508520744 0.618547181922433 0.550535748881146 0.496434267528362 0.59296935379548 0.506927573095674 0.471743512954245 0.42166387094718 0.495370684650193
422 43 61 0.00687155429074778 0.163407508520744 0.618547181922433 0.550535748881146 0.496434267528362 0.59296935379548 0.506927573095674 0.471743512954245 0.42166387094718 0.495370684650193
423 43 62 0.00687155429074778 0.163407508520744 0.618547181922433 0.550535748881146 0.496434267528362 0.59296935379548 0.506927573095674 0.471743512954245 0.42166387094718 0.495370684650193
424 43 64 0.00687155429074778 0.163407508520744 0.618547181922433 0.550535748881146 0.496434267528362 0.59296935379548 0.506927573095674 0.471743512954245 0.42166387094718 0.495370684650193
425 43 59 0.00687155429074778 0.163407508520744 0.618547181922433 0.550535748881146 0.496434267528362 0.59296935379548 0.506927573095674 0.471743512954245 0.42166387094718 0.495370684650193
426 43 62 0.00687155429074778 0.163407508520744 0.618547181922433 0.550535748881146 0.496434267528362 0.59296935379548 0.506927573095674 0.471743512954245 0.42166387094718 0.495370684650193
427 43 57 0.00687155429074778 0.163407508520744 0.618547181922433 0.550535748881146 0.496434267528362 0.59296935379548 0.506927573095674 0.471743512954245 0.42166387094718 0.495370684650193
428 43 62 0.00687155429074778 0.163407508520744 0.618547181922433 0.550535748881146 0.496434267528362 0.59296935379548 0.506927573095674 0.471743512954245 0.42166387094718 0.495370684650193
429 43 60 0.00687155429074778 0.163407508520744 0.618547181922433 0.550535748881146 0.496434267528362 0.59296935379548 0.506927573095674 0.471743512954245 0.42166387094718 0.495370684650193
430 43 57 0.00687155429074778 0.163407508520744 0.618547181922433 0.550535748881146 0.496434267528362 0.59296935379548 0.506927573095674 0.471743512954245 0.42166387094718 0.495370684650193
431 44 48 0.0228044345957824 0.125419404904703 0.528238901925886 0.469118273049276 0.420409079602538 0.499457747775894 0.426145244761471 0.405156468719461 0.361889438933524 0.410573100532279
432 44 50 0.0228044345957824 0.125419404904703 0.528238901925886 0.469118273049276 0.420409079602538 0.499457747775894 0.426145244761471 0.405156468719461 0.361889438933524 0.410573100532279
433 44 52 0.0228044345957824 0.125419404904703 0.528238901925886 0.469118273049276 0.420409079602538 0.499457747775894 0.426145244761471 0.405156468719461 0.361889438933524 0.410573100532279
434 44 53 0.0228044345957824 0.125419404904703 0.528238901925886 0.469118273049276 0.420409079602538 0.499457747775894 0.426145244761471 0.405156468719461 0.361889438933524 0.410573100532279
435 44 48 0.0228044345957824 0.125419404904703 0.528238901925886 0.469118273049276 0.420409079602538 0.499457747775894 0.426145244761471 0.405156468719461 0.361889438933524 0.410573100532279
436 44 47 0.0228044345957824 0.125419404904703 0.528238901925886 0.469118273049276 0.420409079602538 0.499457747775894 0.426145244761471 0.405156468719461 0.361889438933524 0.410573100532279
437 44 47 0.0228044345957824 0.125419404904703 0.528238901925886 0.469118273049276 0.420409079602538 0.499457747775894 0.426145244761471 0.405156468719461 0.361889438933524 0.410573100532279
438 44 50 0.0228044345957824 0.125419404904703 0.528238901925886 0.469118273049276 0.420409079602538 0.499457747775894 0.426145244761471 0.405156468719461 0.361889438933524 0.410573100532279
439 44 48 0.0228044345957824 0.125419404904703 0.528238901925886 0.469118273049276 0.420409079602538 0.499457747775894 0.426145244761471 0.405156468719461 0.361889438933524 0.410573100532279
440 44 45 0.0228044345957824 0.125419404904703 0.528238901925886 0.469118273049276 0.420409079602538 0.499457747775894 0.426145244761471 0.405156468719461 0.361889438933524 0.410573100532279
441 45 24 0.0806902113605717 0.00747344865833913 0.275894225746177 0.239211834010652 0.203274864301247 0.230410870164771 0.193128152479943 0.224391099849844 0.199005025406071 0.161871465482583
442 45 22 0.0806902113605717 0.00747344865833913 0.275894225746177 0.239211834010652 0.203274864301247 0.230410870164771 0.193128152479943 0.224391099849844 0.199005025406071 0.161871465482583
443 45 26 0.0806902113605717 0.00747344865833913 0.275894225746177 0.239211834010652 0.203274864301247 0.230410870164771 0.193128152479943 0.224391099849844 0.199005025406071 0.161871465482583
444 45 25 0.0806902113605717 0.00747344865833913 0.275894225746177 0.239211834010652 0.203274864301247 0.230410870164771 0.193128152479943 0.224391099849844 0.199005025406071 0.161871465482583
445 45 29 0.0806902113605717 0.00747344865833913 0.275894225746177 0.239211834010652 0.203274864301247 0.230410870164771 0.193128152479943 0.224391099849844 0.199005025406071 0.161871465482583
446 45 23 0.0806902113605717 0.00747344865833913 0.275894225746177 0.239211834010652 0.203274864301247 0.230410870164771 0.193128152479943 0.224391099849844 0.199005025406071 0.161871465482583
447 45 27 0.0806902113605717 0.00747344865833913 0.275894225746177 0.239211834010652 0.203274864301247 0.230410870164771 0.193128152479943 0.224391099849844 0.199005025406071 0.161871465482583
448 45 28 0.0806902113605717 0.00747344865833913 0.275894225746177 0.239211834010652 0.203274864301247 0.230410870164771 0.193128152479943 0.224391099849844 0.199005025406071 0.161871465482583
449 45 28 0.0806902113605717 0.00747344865833913 0.275894225746177 0.239211834010652 0.203274864301247 0.230410870164771 0.193128152479943 0.224391099849844 0.199005025406071 0.161871465482583
450 45 26 0.0806902113605717 0.00747344865833913 0.275894225746177 0.239211834010652 0.203274864301247 0.230410870164771 0.193128152479943 0.224391099849844 0.199005025406071 0.161871465482583
451 46 52 0.00226587856095856 0.157957426242346 0.567528879609941 0.507804057166131 0.459863812331883 0.550660975753807 0.471184910593009 0.426938677968593 0.382275549817796 0.463419144275296
452 46 52 0.00226587856095856 0.157957426242346 0.567528879609941 0.507804057166131 0.459863812331883 0.550660975753807 0.471184910593009 0.426938677968593 0.382275549817796 0.463419144275296
453 46 61 0.00226587856095856 0.157957426242346 0.567528879609941 0.507804057166131 0.459863812331883 0.550660975753807 0.471184910593009 0.426938677968593 0.382275549817796 0.463419144275296
454 46 42 0.00226587856095856 0.157957426242346 0.567528879609941 0.507804057166131 0.459863812331883 0.550660975753807 0.471184910593009 0.426938677968593 0.382275549817796 0.463419144275296
455 46 49 0.00226587856095856 0.157957426242346 0.567528879609941 0.507804057166131 0.459863812331883 0.550660975753807 0.471184910593009 0.426938677968593 0.382275549817796 0.463419144275296
456 46 51 0.00226587856095856 0.157957426242346 0.567528879609941 0.507804057166131 0.459863812331883 0.550660975753807 0.471184910593009 0.426938677968593 0.382275549817796 0.463419144275296
457 46 53 0.00226587856095856 0.157957426242346 0.567528879609941 0.507804057166131 0.459863812331883 0.550660975753807 0.471184910593009 0.426938677968593 0.382275549817796 0.463419144275296
458 46 51 0.00226587856095856 0.157957426242346 0.567528879609941 0.507804057166131 0.459863812331883 0.550660975753807 0.471184910593009 0.426938677968593 0.382275549817796 0.463419144275296
459 46 48 0.00226587856095856 0.157957426242346 0.567528879609941 0.507804057166131 0.459863812331883 0.550660975753807 0.471184910593009 0.426938677968593 0.382275549817796 0.463419144275296
460 46 54 0.00226587856095856 0.157957426242346 0.567528879609941 0.507804057166131 0.459863812331883 0.550660975753807 0.471184910593009 0.426938677968593 0.382275549817796 0.463419144275296
461 47 37 0.0106703662826649 0.125680597814185 0.488794627912191 0.436992935849029 0.393917840647164 0.469687603419331 0.40127649396933 0.368507228350583 0.329866116483697 0.390328992366795
462 47 37 0.0106703662826649 0.125680597814185 0.488794627912191 0.436992935849029 0.393917840647164 0.469687603419331 0.40127649396933 0.368507228350583 0.329866116483697 0.390328992366795
463 47 49 0.0106703662826649 0.125680597814185 0.488794627912191 0.436992935849029 0.393917840647164 0.469687603419331 0.40127649396933 0.368507228350583 0.329866116483697 0.390328992366795
464 47 44 0.0106703662826649 0.125680597814185 0.488794627912191 0.436992935849029 0.393917840647164 0.469687603419331 0.40127649396933 0.368507228350583 0.329866116483697 0.390328992366795
465 47 36 0.0106703662826649 0.125680597814185 0.488794627912191 0.436992935849029 0.393917840647164 0.469687603419331 0.40127649396933 0.368507228350583 0.329866116483697 0.390328992366795
466 47 36 0.0106703662826649 0.125680597814185 0.488794627912191 0.436992935849029 0.393917840647164 0.469687603419331 0.40127649396933 0.368507228350583 0.329866116483697 0.390328992366795
467 47 47 0.0106703662826649 0.125680597814185 0.488794627912191 0.436992935849029 0.393917840647164 0.469687603419331 0.40127649396933 0.368507228350583 0.329866116483697 0.390328992366795
468 47 51 0.0106703662826649 0.125680597814185 0.488794627912191 0.436992935849029 0.393917840647164 0.469687603419331 0.40127649396933 0.368507228350583 0.329866116483697 0.390328992366795
469 47 40 0.0106703662826649 0.125680597814185 0.488794627912191 0.436992935849029 0.393917840647164 0.469687603419331 0.40127649396933 0.368507228350583 0.329866116483697 0.390328992366795
470 47 44 0.0106703662826649 0.125680597814185 0.488794627912191 0.436992935849029 0.393917840647164 0.469687603419331 0.40127649396933 0.368507228350583 0.329866116483697 0.390328992366795
471 48 30 0.00862343381923318 0.121960145325426 0.467930517708428 0.419213587105768 0.378367950167969 0.451405399510403 0.385737635898267 0.350853751816441 0.314281676547383 0.375776001505359
472 48 32 0.00862343381923318 0.121960145325426 0.467930517708428 0.419213587105768 0.378367950167969 0.451405399510403 0.385737635898267 0.350853751816441 0.314281676547383 0.375776001505359
473 48 37 0.00862343381923318 0.121960145325426 0.467930517708428 0.419213587105768 0.378367950167969 0.451405399510403 0.385737635898267 0.350853751816441 0.314281676547383 0.375776001505359
474 48 35 0.00862343381923318 0.121960145325426 0.467930517708428 0.419213587105768 0.378367950167969 0.451405399510403 0.385737635898267 0.350853751816441 0.314281676547383 0.375776001505359
475 48 33 0.00862343381923318 0.121960145325426 0.467930517708428 0.419213587105768 0.378367950167969 0.451405399510403 0.385737635898267 0.350853751816441 0.314281676547383 0.375776001505359
476 48 45 0.00862343381923318 0.121960145325426 0.467930517708428 0.419213587105768 0.378367950167969 0.451405399510403 0.385737635898267 0.350853751816441 0.314281676547383 0.375776001505359
477 48 44 0.00862343381923318 0.121960145325426 0.467930517708428 0.419213587105768 0.378367950167969 0.451405399510403 0.385737635898267 0.350853751816441 0.314281676547383 0.375776001505359
478 48 44 0.00862343381923318 0.121960145325426 0.467930517708428 0.419213587105768 0.378367950167969 0.451405399510403 0.385737635898267 0.350853751816441 0.314281676547383 0.375776001505359
479 48 36 0.00862343381923318 0.121960145325426 0.467930517708428 0.419213587105768 0.378367950167969 0.451405399510403 0.385737635898267 0.350853751816441 0.314281676547383 0.375776001505359
480 48 40 0.00862343381923318 0.121960145325426 0.467930517708428 0.419213587105768 0.378367950167969 0.451405399510403 0.385737635898267 0.350853751816441 0.314281676547383 0.375776001505359
481 49 22 0.0545226687383783 0.026859289830583 0.261881954723908 0.231732566126217 0.201550599831097 0.232511456639719 0.196216190458832 0.202710761413918 0.180857257738158 0.173904095293315
482 49 21 0.0545226687383783 0.026859289830583 0.261881954723908 0.231732566126217 0.201550599831097 0.232511456639719 0.196216190458832 0.202710761413918 0.180857257738158 0.173904095293315
483 49 30 0.0545226687383783 0.026859289830583 0.261881954723908 0.231732566126217 0.201550599831097 0.232511456639719 0.196216190458832 0.202710761413918 0.180857257738158 0.173904095293315
484 49 34 0.0545226687383783 0.026859289830583 0.261881954723908 0.231732566126217 0.201550599831097 0.232511456639719 0.196216190458832 0.202710761413918 0.180857257738158 0.173904095293315
485 49 28 0.0545226687383783 0.026859289830583 0.261881954723908 0.231732566126217 0.201550599831097 0.232511456639719 0.196216190458832 0.202710761413918 0.180857257738158 0.173904095293315
486 49 28 0.0545226687383783 0.026859289830583 0.261881954723908 0.231732566126217 0.201550599831097 0.232511456639719 0.196216190458832 0.202710761413918 0.180857257738158 0.173904095293315
487 49 20 0.0545226687383783 0.026859289830583 0.261881954723908 0.231732566126217 0.201550599831097 0.232511456639719 0.196216190458832 0.202710761413918 0.180857257738158 0.173904095293315
488 49 22 0.0545226687383783 0.026859289830583 0.261881954723908 0.231732566126217 0.201550599831097 0.232511456639719 0.196216190458832 0.202710761413918 0.180857257738158 0.173904095293315
489 49 17 0.0545226687383783 0.026859289830583 0.261881954723908 0.231732566126217 0.201550599831097 0.232511456639719 0.196216190458832 0.202710761413918 0.180857257738158 0.173904095293315
490 49 26 0.0545226687383783 0.026859289830583 0.261881954723908 0.231732566126217 0.201550599831097 0.232511456639719 0.196216190458832 0.202710761413918 0.180857257738158 0.173904095293315
491 50 67 0.0763795885657288 0.268723670420673 0.738701061368428 0.670026461517986 0.61940700771941 0.753373301190512 0.648255535940271 0.535747853401049 0.481967761022795 0.662770689436635
492 50 59 0.0763795885657288 0.268723670420673 0.738701061368428 0.670026461517986 0.61940700771941 0.753373301190512 0.648255535940271 0.535747853401049 0.481967761022795 0.662770689436635
493 50 63 0.0763795885657288 0.268723670420673 0.738701061368428 0.670026461517986 0.61940700771941 0.753373301190512 0.648255535940271 0.535747853401049 0.481967761022795 0.662770689436635
494 50 67 0.0763795885657288 0.268723670420673 0.738701061368428 0.670026461517986 0.61940700771941 0.753373301190512 0.648255535940271 0.535747853401049 0.481967761022795 0.662770689436635
495 50 68 0.0763795885657288 0.268723670420673 0.738701061368428 0.670026461517986 0.61940700771941 0.753373301190512 0.648255535940271 0.535747853401049 0.481967761022795 0.662770689436635
496 50 62 0.0763795885657288 0.268723670420673 0.738701061368428 0.670026461517986 0.61940700771941 0.753373301190512 0.648255535940271 0.535747853401049 0.481967761022795 0.662770689436635
497 50 61 0.0763795885657288 0.268723670420673 0.738701061368428 0.670026461517986 0.61940700771941 0.753373301190512 0.648255535940271 0.535747853401049 0.481967761022795 0.662770689436635
498 50 61 0.0763795885657288 0.268723670420673 0.738701061368428 0.670026461517986 0.61940700771941 0.753373301190512 0.648255535940271 0.535747853401049 0.481967761022795 0.662770689436635
499 50 65 0.0763795885657288 0.268723670420673 0.738701061368428 0.670026461517986 0.61940700771941 0.753373301190512 0.648255535940271 0.535747853401049 0.481967761022795 0.662770689436635
500 50 63 0.0763795885657288 0.268723670420673 0.738701061368428 0.670026461517986 0.61940700771941 0.753373301190512 0.648255535940271 0.535747853401049 0.481967761022795 0.662770689436635
